2 0.380126 0.515010 0.407703 0.515010 0.407703 0.486616 0.380126 0.486616
2 0.416822 0.517086 0.444339 0.518620 0.446538 0.490287 0.419021 0.488753
9 0.453495 0.519130 0.481013 0.520664 0.483212 0.492331 0.455694 0.490797
8 0.493664 0.521369 0.521181 0.522902 0.523380 0.494570 0.495863 0.493036
10 0.530552 0.523425 0.558070 0.524958 0.560269 0.496626 0.532751 0.495092
5 0.566675 0.525438 0.594193 0.526972 0.596392 0.498639 0.568874 0.497105
4 0.604649 0.527555 0.632166 0.529088 0.634365 0.500755 0.606847 0.499222
12 0.643907 0.529743 0.671424 0.531276 0.673623 0.502944 0.646106 0.501410
0 0.234863 0.915716 0.999640 0.835905 0.817587 0.228612 0.042613 0.278158
1 0.373507 0.525918 0.684832 0.541865 0.684423 0.491249 0.375150 0.480849
