2 0.227988 0.534801 0.272453 0.532375 0.271536 0.488764 0.226592 0.488764
2 0.293650 0.532904 0.338228 0.532441 0.337423 0.488828 0.292844 0.489291
3 0.355475 0.532262 0.400053 0.531799 0.399248 0.488186 0.354670 0.488649
5 0.413503 0.531659 0.458081 0.531196 0.457276 0.487584 0.412697 0.488047
2 0.479098 0.530978 0.523676 0.530515 0.522871 0.486903 0.478293 0.487365
6 0.533381 0.530414 0.577960 0.529951 0.577155 0.486339 0.532576 0.486802
5 0.584092 0.526041 0.628671 0.525578 0.627865 0.481966 0.583287 0.482429
9 0.636276 0.529345 0.680854 0.528882 0.680049 0.485270 0.635471 0.485733
0 0.012903 0.945161 0.964937 0.935484 0.931183 0.206452 0.000000 0.206452
1 0.187193 0.547174 0.722195 0.539857 0.720473 0.469012 0.185471 0.476329
