2 0.287550 0.494546 0.319901 0.494546 0.319901 0.463330 0.287550 0.463330
2 0.328529 0.494168 0.360877 0.493869 0.360143 0.462656 0.327795 0.462956
8 0.373874 0.493748 0.406222 0.493449 0.405488 0.462236 0.373140 0.462536
5 0.416184 0.493356 0.448531 0.493057 0.447797 0.461844 0.415450 0.462144
3 0.460485 0.492946 0.492832 0.492646 0.492098 0.461434 0.459750 0.461733
4 0.504827 0.492535 0.537174 0.492236 0.536440 0.461023 0.504093 0.461323
10 0.552361 0.492095 0.584709 0.491795 0.583975 0.460583 0.551627 0.460882
2 0.598572 0.491667 0.630919 0.491367 0.630185 0.460155 0.597838 0.460454
1 0.260375 0.509704 0.659299 0.509704 0.659299 0.440405 0.260375 0.440405
0 0.062410 0.785348 0.866123 0.785348 0.866123 0.290816 0.062410 0.290816
