2 0.228430 0.483996 0.275826 0.483996 0.275826 0.435229 0.228430 0.435229
2 0.293108 0.483483 0.340502 0.483107 0.339812 0.434342 0.292419 0.434719
9 0.352367 0.483012 0.399761 0.482635 0.399072 0.433871 0.351678 0.434248
9 0.412337 0.482536 0.459731 0.482159 0.459041 0.433395 0.411648 0.433771
9 0.478977 0.482006 0.526370 0.481629 0.525681 0.432865 0.478288 0.433242
7 0.534833 0.481562 0.582227 0.481185 0.581538 0.432421 0.534144 0.432798
6 0.601953 0.481028 0.649346 0.480652 0.648657 0.431887 0.601264 0.432264
12 0.672057 0.480471 0.719450 0.480094 0.718761 0.431330 0.671368 0.431707
0 0.004370 0.961026 0.995433 0.961026 0.995433 0.158866 0.004370 0.158866
1 0.199211 0.487736 0.745399 0.484156 0.744695 0.423717 0.198507 0.427298
