2 0.346832 0.452337 0.380788 0.452337 0.380788 0.414137 0.346832 0.414137
2 0.400356 0.451601 0.434306 0.451131 0.433368 0.412938 0.399418 0.413407
3 0.501091 0.450208 0.535041 0.449739 0.534103 0.411546 0.500153 0.412015
7 0.454282 0.450855 0.488232 0.450386 0.487294 0.412193 0.453344 0.412662
4 0.656901 0.448055 0.690852 0.447586 0.689913 0.409393 0.655963 0.409862
2 0.555476 0.449457 0.589426 0.448988 0.588488 0.410794 0.554538 0.411263
10 0.607794 0.448734 0.641744 0.448265 0.640805 0.410071 0.606855 0.410540
12 0.717419 0.447219 0.751369 0.446750 0.750431 0.408556 0.716480 0.409025
0 0.006541 0.897807 0.994292 0.897807 0.994292 0.120198 0.006541 0.120198
1 0.322629 0.455483 0.775735 0.449052 0.774642 0.405744 0.321536 0.412175
