12 0.351806 0.500012 0.376259 0.500012 0.376259 0.476682 0.351806 0.476682
2 0.382300 0.498706 0.406702 0.497641 0.404453 0.474359 0.380051 0.475424
6 0.412404 0.497392 0.436805 0.496327 0.434556 0.473045 0.410155 0.474110
4 0.445609 0.495942 0.470010 0.494877 0.467761 0.471596 0.443360 0.472661
2 0.474713 0.494672 0.499114 0.493607 0.496865 0.470325 0.472464 0.471391
7 0.504791 0.493359 0.529192 0.492294 0.526943 0.469013 0.502542 0.470078
8 0.536098 0.491992 0.560500 0.490927 0.558251 0.467646 0.533849 0.468711
9 0.569543 0.490533 0.593944 0.489468 0.591695 0.466186 0.567294 0.467251
1 0.337673 0.504646 0.608908 0.492420 0.605907 0.462333 0.334672 0.474560
0 0.171073 0.717796 0.790524 0.664935 0.750515 0.306037 0.062083 0.344987
