2 0.397350 0.492891 0.414228 0.480754 0.412445 0.436898 0.395046 0.439630
2 0.418592 0.482688 0.436610 0.478030 0.433045 0.434518 0.415027 0.439176
4 0.438590 0.477518 0.456609 0.472860 0.453044 0.429348 0.435025 0.434006
5 0.456592 0.472864 0.474610 0.468206 0.471045 0.424694 0.453027 0.429353
8 0.475990 0.467849 0.494009 0.463191 0.490444 0.419680 0.472425 0.424338
9 0.494875 0.462967 0.512894 0.458309 0.509329 0.414797 0.491310 0.419455
10 0.515751 0.457570 0.533769 0.452912 0.530204 0.409401 0.512186 0.414059
5 0.534830 0.452638 0.552849 0.447980 0.549284 0.404468 0.531265 0.409126
0 0.325617 0.811134 0.647761 0.811134 0.647761 0.223633 0.325617 0.223633
1 0.388514 0.501762 0.563174 0.457746 0.557918 0.391940 0.383258 0.435956
