2 0.366332 0.518495 0.399498 0.518495 0.399498 0.460056 0.366332 0.460056
2 0.423068 0.499286 0.454791 0.487803 0.440423 0.431907 0.408700 0.443390
6 0.470288 0.482194 0.502011 0.470711 0.487642 0.414814 0.455919 0.426298
5 0.517187 0.465217 0.548910 0.453734 0.534542 0.397837 0.502819 0.409321
10 0.561735 0.449091 0.593458 0.437608 0.579089 0.381712 0.547366 0.393195
7 0.604143 0.433740 0.635865 0.422257 0.621497 0.366361 0.589774 0.377844
10 0.648179 0.417800 0.679902 0.406317 0.665533 0.350420 0.633810 0.361904
2 0.691618 0.402075 0.723341 0.390592 0.708972 0.334696 0.677250 0.346179
0 0.003518 0.997933 0.992462 0.997933 0.992462 0.006858 0.003518 0.006858
1 0.350857 0.552206 0.761456 0.406719 0.736935 0.309265 0.326335 0.454751
