2 0.351290 0.497207 0.369964 0.497207 0.369964 0.468208 0.351290 0.468208
2 0.379401 0.496463 0.398069 0.495966 0.397362 0.466977 0.378694 0.467474
9 0.405443 0.495770 0.424111 0.495273 0.423403 0.466283 0.404736 0.466780
9 0.433482 0.495023 0.452150 0.494526 0.451442 0.465537 0.432774 0.466034
9 0.459717 0.494325 0.478385 0.493828 0.477678 0.464838 0.459010 0.465335
7 0.486670 0.493607 0.505338 0.493110 0.504631 0.464121 0.485963 0.464618
6 0.514677 0.492862 0.533345 0.492365 0.532638 0.463375 0.513970 0.463872
12 0.542691 0.492116 0.561358 0.491619 0.560651 0.462629 0.541983 0.463126
1 0.344223 0.503007 0.568322 0.503007 0.568322 0.457662 0.344223 0.457662
0 0.140843 0.585734 0.481992 0.887140 0.810049 0.453479 0.422847 0.239767
