2 0.226288 0.515905 0.251393 0.516520 0.245347 0.465484 0.220892 0.462224
2 0.262592 0.518589 0.287641 0.520918 0.290337 0.469374 0.265288 0.467045
2 0.303709 0.522412 0.328758 0.524741 0.331454 0.473198 0.306405 0.470869
11 0.344993 0.526251 0.370041 0.528581 0.372737 0.477037 0.347689 0.474708
6 0.389295 0.530371 0.414343 0.532700 0.417039 0.481157 0.391991 0.478827
10 0.429666 0.534125 0.454715 0.536455 0.457411 0.484911 0.432363 0.482582
7 0.475427 0.538381 0.500476 0.540710 0.503172 0.489167 0.478123 0.486837
11 0.520295 0.542553 0.545343 0.544882 0.548039 0.493339 0.522991 0.491010
1 0.213592 0.523965 0.558474 0.549894 0.562225 0.472545 0.208321 0.454394
0 0.056330 0.892704 0.758169 0.913655 0.758169 0.225598 0.019617 0.225598
