2 0.231071 0.365387 0.246678 0.365387 0.246678 0.326338 0.231071 0.326338
2 0.253613 0.362571 0.270547 0.361938 0.270065 0.328612 0.253131 0.329246
4 0.275841 0.362587 0.292055 0.361981 0.291528 0.325557 0.275314 0.326163
6 0.298127 0.362539 0.313101 0.361978 0.312546 0.323595 0.297573 0.324155
8 0.320269 0.360552 0.335769 0.359971 0.335248 0.323903 0.319748 0.324483
3 0.342612 0.358193 0.355182 0.357722 0.354685 0.323230 0.342114 0.323701
10 0.362672 0.356239 0.376439 0.355724 0.375939 0.321196 0.362173 0.321711
12 0.385526 0.352019 0.397054 0.351588 0.396691 0.326492 0.385163 0.326923
0 0.132541 0.674614 0.495286 0.674614 0.493542 0.122020 0.132541 0.218794
1 0.221128 0.374406 0.409129 0.367161 0.408299 0.311474 0.220299 0.318719
