2 0.301330 0.412997 0.318729 0.412997 0.318729 0.387688 0.301330 0.387688
2 0.322503 0.410875 0.339851 0.409106 0.338404 0.383870 0.321055 0.385640
2 0.343971 0.408686 0.361319 0.406916 0.359872 0.381681 0.342524 0.383450
4 0.362953 0.406750 0.380302 0.404981 0.378854 0.379745 0.361506 0.381515
5 0.383174 0.404688 0.400522 0.402919 0.399075 0.377683 0.381727 0.379453
4 0.401001 0.402870 0.418349 0.401101 0.416901 0.375866 0.399553 0.377635
5 0.422181 0.400710 0.439529 0.398941 0.438081 0.373706 0.420733 0.375475
12 0.442506 0.398637 0.459854 0.396868 0.458406 0.371633 0.441058 0.373402
1 0.296393 0.420487 0.464379 0.404414 0.463330 0.364366 0.295226 0.376985
0 0.207491 0.660330 0.548468 0.660330 0.548468 0.237923 0.207491 0.237923
