2 0.377111 0.462323 0.394861 0.462323 0.394861 0.413285 0.377111 0.413285
2 0.402550 0.460433 0.420290 0.459105 0.419547 0.410094 0.401807 0.411422
9 0.425107 0.458744 0.442847 0.457416 0.442104 0.408406 0.424365 0.409734
11 0.446817 0.457119 0.464557 0.455791 0.463814 0.406781 0.446074 0.408109
8 0.470935 0.455313 0.488675 0.453986 0.487932 0.404975 0.470192 0.406303
10 0.491890 0.453745 0.509630 0.452417 0.508887 0.403407 0.491147 0.404735
2 0.514868 0.452025 0.532608 0.450697 0.531865 0.401687 0.514125 0.403015
12 0.538345 0.450267 0.556085 0.448939 0.555342 0.399929 0.537602 0.401257
1 0.373356 0.474793 0.558536 0.458079 0.558770 0.378769 0.371603 0.393177
0 0.188748 0.967367 0.681039 0.967367 0.681039 0.042261 0.188748 0.042261
