2 0.321039 0.468923 0.360779 0.468923 0.360779 0.389792 0.321039 0.389792
2 0.370370 0.459061 0.409711 0.450876 0.402026 0.372540 0.362686 0.380725
5 0.414586 0.449861 0.453926 0.441676 0.446242 0.363340 0.406901 0.371526
10 0.460744 0.440258 0.500084 0.432072 0.492400 0.353737 0.453059 0.361922
2 0.507848 0.430457 0.547188 0.422272 0.539504 0.343936 0.500164 0.352121
3 0.553829 0.420890 0.593169 0.412705 0.585485 0.334369 0.546144 0.342555
6 0.603129 0.410633 0.642469 0.402448 0.634785 0.324112 0.595444 0.332297
10 0.654550 0.399934 0.693891 0.391749 0.686206 0.313413 0.646866 0.321598
1 0.311011 0.496293 0.707210 0.427679 0.697579 0.296980 0.303274 0.347663
0 0.012525 0.994644 0.990466 0.994644 0.990466 0.003339 0.012525 0.003339
