2 0.321630 0.588082 0.341666 0.589661 0.344760 0.567581 0.324724 0.566001
2 0.354662 0.587701 0.374797 0.588228 0.375830 0.566039 0.355696 0.565512
6 0.447481 0.597586 0.467627 0.597586 0.467627 0.575384 0.447481 0.575384
7 0.478250 0.595663 0.498396 0.595663 0.498396 0.573461 0.478250 0.573461
9 0.509639 0.596212 0.529786 0.596212 0.529786 0.574009 0.509639 0.574009
12 0.538908 0.602080 0.559055 0.602080 0.559055 0.579878 0.538908 0.579878
4 0.415429 0.594702 0.435576 0.594702 0.435576 0.572499 0.415429 0.572499
11 0.385942 0.590856 0.406089 0.590856 0.406089 0.568653 0.385942 0.568653
0 0.160008 0.842357 0.711760 0.842357 0.711760 0.435616 0.160008 0.435616
1 0.306762 0.593283 0.572704 0.608706 0.576400 0.572855 0.310458 0.557432
