2 0.327820 0.502240 0.351144 0.502240 0.351144 0.470224 0.327820 0.470224
3 0.354215 0.502172 0.377539 0.502113 0.377451 0.470097 0.354127 0.470157
2 0.383216 0.502098 0.406539 0.502039 0.406451 0.470023 0.383127 0.470082
9 0.411866 0.502025 0.435190 0.501965 0.435101 0.469949 0.411777 0.470009
6 0.440270 0.501952 0.463594 0.501892 0.463505 0.469877 0.440181 0.469936
4 0.466796 0.501884 0.490120 0.501825 0.490032 0.469809 0.466708 0.469868
5 0.496792 0.501807 0.520116 0.501748 0.520027 0.469732 0.496703 0.469792
5 0.522330 0.501742 0.545654 0.501682 0.545566 0.469666 0.522242 0.469726
1 0.317083 0.512948 0.557499 0.512948 0.557499 0.464612 0.317083 0.464612
0 0.491653 0.821982 0.800998 0.537414 0.420406 0.200929 0.154700 0.512554
