2 0.382527 0.572558 0.414235 0.572558 0.414235 0.546338 0.382527 0.546338
3 0.418316 0.571310 0.449989 0.570193 0.448347 0.544002 0.416674 0.545119
6 0.453665 0.570063 0.485338 0.568946 0.483695 0.542755 0.452022 0.543872
5 0.490014 0.568781 0.521687 0.567664 0.520045 0.541473 0.488372 0.542590
5 0.526790 0.567484 0.558463 0.566367 0.556821 0.540176 0.525148 0.541293
8 0.566817 0.566072 0.598490 0.564955 0.596847 0.538764 0.565174 0.539881
3 0.601182 0.564860 0.632855 0.563743 0.631213 0.537552 0.599540 0.538669
9 0.642808 0.563392 0.674481 0.562275 0.672838 0.536084 0.641165 0.537201
1 0.373163 0.581415 0.681775 0.574960 0.681775 0.527008 0.373163 0.532080
0 0.017409 0.899076 0.678242 0.901849 0.711032 0.309977 0.112835 0.348317
