2 0.300947 0.565165 0.337282 0.565165 0.337282 0.523697 0.300947 0.523697
2 0.336469 0.567548 0.372669 0.569897 0.377436 0.528584 0.341236 0.526234
11 0.376725 0.570161 0.412925 0.572510 0.417692 0.531197 0.381492 0.528847
4 0.418037 0.572842 0.454237 0.575192 0.459004 0.533878 0.422804 0.531528
8 0.458399 0.575462 0.494598 0.577811 0.499365 0.536498 0.463165 0.534148
7 0.502915 0.578351 0.539115 0.580700 0.543882 0.539387 0.507682 0.537037
9 0.542658 0.580930 0.578858 0.583280 0.583625 0.541966 0.547425 0.539617
8 0.586322 0.583764 0.622522 0.586114 0.627289 0.544800 0.591089 0.542451
0 0.065560 0.902844 0.831754 0.902844 0.831754 0.356635 0.065560 0.356635
1 0.275987 0.567348 0.641569 0.591930 0.647692 0.540707 0.282110 0.516126
