2 0.097634 0.519278 0.135088 0.519278 0.135088 0.474206 0.097634 0.474206
2 0.154457 0.520578 0.191894 0.521428 0.193712 0.476376 0.156275 0.475527
9 0.212569 0.521897 0.250006 0.522746 0.251824 0.477695 0.214387 0.476845
8 0.271982 0.523245 0.309419 0.524095 0.311237 0.479044 0.273800 0.478194
10 0.332310 0.524614 0.369747 0.525464 0.371565 0.480413 0.334128 0.479563
5 0.394214 0.526019 0.431651 0.526869 0.433468 0.481818 0.396031 0.480968
4 0.452227 0.527336 0.489664 0.528186 0.491481 0.483134 0.454045 0.482285
10 0.513161 0.528719 0.550598 0.529569 0.552416 0.484517 0.514979 0.483668
1 0.082092 0.537766 0.564949 0.537766 0.564949 0.456040 0.082092 0.456040
0 0.013109 0.984550 0.923012 0.984550 0.923012 0.154494 0.013109 0.154494
