0 0.007031 0.767868 0.879476 0.767868 0.879476 0.096999 0.007031 0.096999
1 0.199636 0.430680 0.657099 0.430680 0.657099 0.344318 0.199636 0.344318
2 0.217034 0.417092 0.273002 0.417092 0.273002 0.358624 0.217034 0.358624
2 0.277092 0.417611 0.333056 0.418092 0.333951 0.359628 0.277986 0.359147
2 0.337313 0.418129 0.393277 0.418610 0.394171 0.360146 0.338207 0.359665
6 0.394597 0.418622 0.450561 0.419103 0.451455 0.360639 0.395491 0.360158
12 0.456876 0.419158 0.512841 0.419639 0.513735 0.361175 0.457771 0.360694
10 0.500845 0.419536 0.556809 0.420018 0.557703 0.361553 0.501739 0.361072
7 0.549273 0.419953 0.605237 0.420434 0.606132 0.361970 0.550167 0.361489
12 0.596794 0.420362 0.652758 0.420843 0.653652 0.362379 0.597688 0.361898
