2 0.068156 0.658987 0.127315 0.658987 0.127315 0.559702 0.068156 0.559702
2 0.149092 0.659156 0.208250 0.659279 0.208618 0.559994 0.149459 0.559871
5 0.231704 0.659328 0.290862 0.659451 0.291230 0.560166 0.232071 0.560043
5 0.305661 0.659482 0.364820 0.659605 0.365187 0.560320 0.306029 0.560197
6 0.376607 0.659630 0.435766 0.659753 0.436133 0.560468 0.376975 0.560345
3 0.453580 0.659790 0.512739 0.659913 0.513106 0.560629 0.453948 0.560505
4 0.529044 0.659947 0.588203 0.660071 0.588570 0.560786 0.529412 0.560663
8 0.602362 0.660100 0.661520 0.660223 0.661888 0.560939 0.602729 0.560815
0 0.000377 0.999057 0.992075 0.999057 0.992075 0.253019 0.000377 0.253019
1 0.032129 0.664874 0.697121 0.666306 0.697548 0.554965 0.032555 0.553533
