2 0.359847 0.586410 0.380757 0.586410 0.380757 0.564446 0.359847 0.564446
2 0.387799 0.582511 0.403783 0.582511 0.403783 0.564175 0.387799 0.564175
4 0.412635 0.580748 0.431816 0.580748 0.431816 0.563646 0.412635 0.563646
6 0.439685 0.580042 0.455915 0.580042 0.455915 0.562941 0.439685 0.562941
8 0.465506 0.579337 0.481244 0.579337 0.481244 0.561354 0.465506 0.561354
3 0.491080 0.580748 0.506081 0.580748 0.506081 0.561001 0.491080 0.561001
10 0.515425 0.578984 0.532639 0.578984 0.532639 0.558181 0.515425 0.558181
12 0.542230 0.580042 0.559443 0.580042 0.559443 0.558533 0.542230 0.558533
1 0.348044 0.590747 0.573128 0.583253 0.571174 0.553077 0.346089 0.560571
0 0.245231 0.759363 0.677770 0.759363 0.677770 0.469748 0.245231 0.469748
