2 0.154237 0.651952 0.242373 0.651952 0.242373 0.486622 0.154237 0.486622
2 0.256885 0.650875 0.345019 0.649948 0.344041 0.484623 0.255907 0.485550
10 0.354724 0.649845 0.442857 0.648918 0.441879 0.483593 0.353746 0.484521
6 0.457877 0.648760 0.546010 0.647833 0.545032 0.482508 0.456899 0.483435
7 0.560533 0.647680 0.648667 0.646753 0.647689 0.481428 0.559555 0.482356
11 0.665661 0.646574 0.753795 0.645647 0.752817 0.480322 0.664684 0.481250
4 0.768795 0.645490 0.856929 0.644562 0.855951 0.479238 0.767817 0.480165
4 0.872406 0.644400 0.960539 0.643472 0.959561 0.478148 0.871428 0.479075
1 0.119370 0.675200 0.987167 0.675200 0.987167 0.434957 0.119370 0.434957
0 0.006054 0.996816 0.996853 0.996816 0.996853 0.006136 0.006054 0.006136
