2 0.265941 0.476268 0.312065 0.476268 0.312065 0.426458 0.265941 0.426458
2 0.341633 0.473936 0.387717 0.472504 0.384967 0.422736 0.338882 0.424169
7 0.404834 0.471971 0.450919 0.470539 0.448168 0.420772 0.402084 0.422204
7 0.465362 0.470090 0.511446 0.468657 0.508696 0.418890 0.462611 0.420323
7 0.527874 0.468146 0.573958 0.466714 0.571208 0.416946 0.525123 0.418379
11 0.588235 0.466270 0.634320 0.464837 0.631569 0.415070 0.585485 0.416503
11 0.652636 0.464268 0.698720 0.462835 0.695970 0.413068 0.649885 0.414501
12 0.720093 0.462171 0.766177 0.460738 0.763427 0.410971 0.717342 0.412403
0 0.000000 0.999329 1.000000 0.999329 1.000000 0.154833 0.000000 0.154833
1 0.236167 0.484605 0.800225 0.465314 0.796562 0.405076 0.232505 0.424368
