2 0.179770 0.515848 0.202459 0.515848 0.202459 0.489175 0.179770 0.489175
2 0.208167 0.513153 0.230786 0.510973 0.229071 0.484382 0.206453 0.486562
6 0.232360 0.510821 0.254979 0.508641 0.253265 0.482051 0.230646 0.484231
4 0.259145 0.508240 0.281764 0.506060 0.280049 0.479470 0.257430 0.481649
11 0.286066 0.505646 0.308685 0.503466 0.306971 0.476875 0.284352 0.479055
7 0.310751 0.503267 0.333370 0.501087 0.331656 0.474496 0.309037 0.476676
2 0.335104 0.500920 0.357723 0.498740 0.356009 0.472149 0.333390 0.474329
11 0.362790 0.498252 0.385409 0.496072 0.383695 0.469481 0.361076 0.471661
1 0.173763 0.520217 0.395415 0.506267 0.391203 0.462936 0.170424 0.476886
0 0.073304 0.714151 0.485204 0.714151 0.485204 0.393154 0.073304 0.393154
