2 0.354123 0.496479 0.375105 0.496479 0.375105 0.471377 0.354123 0.471377
2 0.382824 0.495256 0.403782 0.494352 0.402474 0.469278 0.381516 0.470182
9 0.410264 0.494073 0.431222 0.493169 0.429914 0.468095 0.408956 0.468999
8 0.437673 0.492891 0.458631 0.491987 0.457323 0.466914 0.436365 0.467817
10 0.467285 0.491614 0.488244 0.490711 0.486935 0.465637 0.465977 0.466541
5 0.496735 0.490345 0.517694 0.489441 0.516386 0.464367 0.495427 0.465271
4 0.525285 0.489114 0.546244 0.488210 0.544935 0.463136 0.523977 0.464040
10 0.554539 0.487853 0.575497 0.486949 0.574189 0.461875 0.553231 0.462779
1 0.347052 0.502766 0.580899 0.494685 0.580776 0.453234 0.344744 0.461447
0 0.202588 0.808586 0.764734 0.803708 0.765098 0.277632 0.201610 0.288608
