2 0.245403 0.605984 0.287170 0.605984 0.287170 0.561125 0.245403 0.561125
2 0.303244 0.599626 0.344533 0.594902 0.335513 0.550556 0.294224 0.555280
8 0.357734 0.593392 0.399023 0.588668 0.390004 0.544322 0.348714 0.549046
11 0.409435 0.587477 0.450725 0.582753 0.441705 0.538407 0.400415 0.543131
6 0.463836 0.581253 0.505125 0.576529 0.496106 0.532183 0.454816 0.536907
10 0.512180 0.575722 0.553469 0.570998 0.544449 0.526652 0.503160 0.531376
10 0.562253 0.569993 0.603542 0.565269 0.594522 0.520923 0.553233 0.525647
12 0.611134 0.564400 0.652423 0.559677 0.643403 0.515331 0.602114 0.520054
1 0.220879 0.622724 0.723373 0.573230 0.718757 0.497326 0.217853 0.543242
0 0.010943 0.996792 0.890943 0.996792 0.890943 0.348113 0.010943 0.348113
