2 0.259002 0.566531 0.284846 0.566781 0.296753 0.539969 0.271447 0.538063
2 0.295825 0.570608 0.320969 0.573982 0.332351 0.547098 0.307207 0.543725
4 0.331675 0.575418 0.356818 0.578792 0.368200 0.551909 0.343056 0.548535
6 0.374619 0.581181 0.399763 0.584554 0.411145 0.557671 0.386001 0.554297
8 0.402885 0.584973 0.428028 0.588347 0.439410 0.561463 0.414266 0.558090
9 0.431142 0.588765 0.456286 0.592138 0.467668 0.565255 0.442524 0.561881
12 0.516498 0.600217 0.541641 0.603591 0.553023 0.576708 0.527879 0.573334
0 0.063585 0.787638 0.720341 0.787638 0.720341 0.441859 0.063585 0.441859
10 0.476505 0.594851 0.501649 0.598225 0.513030 0.571341 0.487887 0.567968
1 0.240529 0.567814 0.556339 0.611049 0.572389 0.573893 0.256579 0.530658
