12 0.054502 0.824645 0.131912 0.824645 0.131912 0.736967 0.054502 0.736967
12 0.142737 0.828327 0.220032 0.831496 0.226412 0.743948 0.149117 0.740780
7 0.241099 0.832359 0.318394 0.835527 0.324773 0.747980 0.247479 0.744812
11 0.340255 0.836424 0.417550 0.839592 0.423930 0.752045 0.346635 0.748876
10 0.441677 0.840581 0.518971 0.843749 0.525351 0.756202 0.448056 0.753034
3 0.542006 0.844693 0.619300 0.847862 0.625680 0.760314 0.548385 0.757146
2 0.642990 0.848833 0.720285 0.852001 0.726665 0.764454 0.649370 0.761286
12 0.753137 0.853348 0.830431 0.856516 0.836811 0.768969 0.759516 0.765801
1 0.031791 0.838710 0.869565 0.870968 0.878915 0.739130 0.043011 0.701262
0 0.005529 0.994076 1.000000 0.994076 0.998597 0.210379 0.005529 0.193128
