2 0.358833 0.333367 0.329417 0.333367 0.329417 0.367446 0.358833 0.367446
2 0.363945 0.367294 0.393339 0.366347 0.391697 0.332294 0.362304 0.333242
7 0.398877 0.366168 0.428271 0.365221 0.426629 0.331168 0.397236 0.332116
7 0.434904 0.365007 0.464297 0.364060 0.462656 0.330007 0.433262 0.330955
7 0.469500 0.363892 0.498893 0.362944 0.497252 0.328892 0.467859 0.329839
11 0.501140 0.362872 0.530534 0.361925 0.528892 0.327872 0.499499 0.328819
11 0.534993 0.361781 0.564386 0.360833 0.562745 0.326781 0.533352 0.327728
7 0.572498 0.360572 0.601891 0.359624 0.600250 0.325572 0.570857 0.326519
1 0.313270 0.373182 0.619262 0.363561 0.617231 0.320374 0.311240 0.329995
0 0.160228 0.628966 0.764035 0.628966 0.764035 0.146207 0.160228 0.146207
