2 0.248860 0.336569 0.304088 0.336569 0.304088 0.273883 0.248860 0.273883
2 0.319333 0.337116 0.374559 0.337543 0.375422 0.274861 0.320197 0.274433
3 0.393113 0.337687 0.448338 0.338114 0.449202 0.275431 0.393977 0.275004
9 0.452231 0.338144 0.507456 0.338571 0.508320 0.275889 0.453095 0.275462
10 0.519485 0.338665 0.574710 0.339092 0.575574 0.276409 0.520349 0.275982
10 0.586715 0.339185 0.641941 0.339612 0.642805 0.276929 0.587579 0.276502
11 0.651710 0.339688 0.706935 0.340115 0.707799 0.277432 0.652573 0.277005
8 0.727179 0.340271 0.782404 0.340699 0.783268 0.278016 0.728043 0.277589
1 0.185614 0.359857 0.818345 0.359857 0.818345 0.237569 0.185614 0.237569
0 0.007178 0.825201 0.996333 0.825201 0.996333 0.000000 0.007178 0.000000
