2 0.251795 0.546930 0.288933 0.546930 0.288933 0.498762 0.251795 0.498762
2 0.308314 0.545824 0.345439 0.545093 0.343752 0.496941 0.306627 0.497673
9 0.364332 0.544720 0.401457 0.543989 0.399770 0.495837 0.362645 0.496569
9 0.420963 0.543604 0.458089 0.542872 0.456401 0.494721 0.419276 0.495453
9 0.478621 0.542468 0.515746 0.541736 0.514059 0.493585 0.476934 0.494316
7 0.526954 0.541515 0.564079 0.540784 0.562392 0.492632 0.525267 0.493364
6 0.580073 0.540468 0.617198 0.539737 0.615511 0.491585 0.578386 0.492317
6 0.644083 0.539207 0.681208 0.538475 0.679521 0.490324 0.642396 0.491055
0 0.000000 0.964615 0.961273 0.964615 0.961273 0.246868 0.000000 0.246868
1 0.226168 0.551328 0.707153 0.541582 0.705167 0.486449 0.224182 0.496195
