0 0.008049 1.000000 0.909106 1.000000 0.909106 0.000000 0.008049 0.000000
2 0.282685 0.415902 0.309294 0.415902 0.309294 0.358125 0.282685 0.358125
3 0.327601 0.416135 0.347418 0.416135 0.347418 0.360650 0.327601 0.360650
5 0.368920 0.410950 0.393843 0.410950 0.393843 0.357254 0.368920 0.357254
9 0.408231 0.398749 0.434754 0.398749 0.434754 0.345964 0.408231 0.345964
11 0.449045 0.397410 0.476719 0.397410 0.476719 0.341824 0.449045 0.341824
6 0.492932 0.397279 0.520108 0.397279 0.520108 0.343552 0.492932 0.343552
8 0.533121 0.392236 0.558599 0.392236 0.558599 0.335944 0.533121 0.335944
12 0.584274 0.383890 0.606140 0.379792 0.601097 0.331942 0.579230 0.336039
1 0.263904 0.428734 0.626328 0.390922 0.622097 0.318828 0.259673 0.356640
