2 0.279479 0.449643 0.318888 0.449643 0.318888 0.400103 0.279479 0.400103
2 0.339500 0.449694 0.378909 0.449728 0.378984 0.400188 0.339575 0.400154
9 0.390574 0.449738 0.429983 0.449772 0.430058 0.400232 0.390649 0.400198
9 0.448588 0.449788 0.487997 0.449821 0.488072 0.400281 0.448664 0.400248
9 0.503521 0.449835 0.542930 0.449868 0.543005 0.400328 0.503596 0.400295
7 0.560858 0.449884 0.600267 0.449917 0.600342 0.400377 0.560933 0.400344
6 0.619963 0.449934 0.659372 0.449968 0.659447 0.400428 0.620038 0.400394
8 0.682128 0.449987 0.721537 0.450021 0.721613 0.400481 0.682204 0.400447
1 0.264381 0.460884 0.746275 0.460884 0.746275 0.383934 0.264381 0.383934
0 0.004762 0.898810 0.995238 0.898810 0.995238 0.154762 0.004762 0.154762
