0 0.004013 0.973730 0.990369 0.973730 0.990369 0.011758 0.004013 0.011758
12 0.343513 0.317995 0.299130 0.317995 0.299130 0.416189 0.343513 0.416189
2 0.356449 0.415827 0.400822 0.414545 0.399223 0.316374 0.354850 0.317656
9 0.409115 0.414305 0.453487 0.413024 0.451889 0.314853 0.407516 0.316135
2 0.466095 0.412659 0.510468 0.411378 0.508869 0.313207 0.464496 0.314488
3 0.517601 0.411171 0.561973 0.409890 0.560374 0.311719 0.516002 0.313001
11 0.576577 0.409468 0.620950 0.408186 0.619351 0.310015 0.574978 0.311297
7 0.633534 0.407822 0.677907 0.406541 0.676308 0.308370 0.631935 0.309651
5 0.693690 0.406085 0.738063 0.404803 0.736464 0.306632 0.692091 0.307914
1 0.273256 0.438528 0.766562 0.415583 0.763260 0.289653 0.269954 0.312597
