2 0.297087 0.557904 0.322588 0.557904 0.322588 0.525695 0.297087 0.525695
3 0.333540 0.559509 0.353955 0.559509 0.353955 0.529678 0.333540 0.529678
5 0.365893 0.559403 0.390125 0.559403 0.390125 0.529567 0.365893 0.529567
9 0.400431 0.558055 0.421690 0.558055 0.421690 0.528628 0.400431 0.528628
11 0.431898 0.554163 0.449761 0.554163 0.449761 0.527903 0.431898 0.527903
6 0.458693 0.557171 0.479107 0.557171 0.479107 0.531320 0.458693 0.531320
8 0.485973 0.557510 0.505124 0.557510 0.505124 0.530077 0.485973 0.530077
5 0.512281 0.559106 0.535247 0.559106 0.535247 0.535255 0.512281 0.535255
0 0.311578 0.852491 0.719590 0.780635 0.722197 0.362317 0.207336 0.310042
1 0.282307 0.560941 0.549498 0.564016 0.549995 0.526291 0.282804 0.523216
