2 0.285689 0.595136 0.305092 0.595136 0.305092 0.570136 0.285689 0.570136
2 0.312519 0.591466 0.331689 0.588736 0.327454 0.564036 0.308284 0.566766
2 0.338842 0.587717 0.358012 0.584987 0.353777 0.560287 0.334606 0.563017
2 0.365520 0.583918 0.384690 0.581187 0.380455 0.556487 0.361285 0.559218
5 0.391937 0.580155 0.411107 0.577425 0.406872 0.552725 0.387701 0.555455
3 0.415630 0.576781 0.434800 0.574050 0.430565 0.549350 0.411394 0.552081
2 0.437732 0.573633 0.456903 0.570903 0.452667 0.546202 0.433497 0.548933
11 0.457479 0.570820 0.476649 0.568090 0.472414 0.543390 0.453244 0.546120
1 0.283078 0.600284 0.483986 0.583032 0.484064 0.537241 0.280927 0.555586
0 0.136126 0.808354 0.587316 0.814618 0.587369 0.427820 0.219718 0.402581
