2 0.383652 0.464036 0.409475 0.464036 0.409475 0.431718 0.383652 0.431718
2 0.417529 0.461055 0.443246 0.458742 0.440303 0.426556 0.414585 0.428869
5 0.453008 0.457863 0.478726 0.455550 0.475782 0.423364 0.450065 0.425678
10 0.484302 0.455049 0.510019 0.452735 0.507076 0.420549 0.481359 0.422863
2 0.517342 0.452076 0.543059 0.449763 0.540116 0.417577 0.514398 0.419891
3 0.549938 0.449144 0.575655 0.446831 0.572712 0.414645 0.546995 0.416958
6 0.586194 0.445883 0.611911 0.443570 0.608968 0.411384 0.583250 0.413697
6 0.623530 0.442524 0.649248 0.440211 0.646304 0.408025 0.620587 0.410339
1 0.367281 0.480775 0.671629 0.458854 0.666750 0.388695 0.367281 0.407187
0 0.308677 0.886690 0.892443 0.688414 0.686126 0.114207 0.108757 0.333103
