2 0.386928 0.457233 0.409423 0.457233 0.409423 0.424339 0.386928 0.424339
4 0.414631 0.456694 0.437122 0.456254 0.436532 0.423366 0.414041 0.423806
7 0.444967 0.456100 0.467458 0.455660 0.466868 0.422772 0.444377 0.423212
7 0.475469 0.455504 0.497960 0.455064 0.497371 0.422175 0.474879 0.422615
2 0.506443 0.454898 0.528935 0.454458 0.528345 0.421569 0.505854 0.422009
5 0.536514 0.454309 0.559005 0.453869 0.558416 0.420981 0.535925 0.421421
8 0.568089 0.453692 0.590581 0.453251 0.589991 0.420363 0.567500 0.420803
10 0.596859 0.453129 0.619350 0.452689 0.618761 0.419800 0.596270 0.420240
0 0.144791 0.586011 0.483239 0.889414 0.857844 0.418648 0.450621 0.203147
1 0.373027 0.459968 0.633357 0.454719 0.632667 0.417384 0.372337 0.422632
