2 0.408021 0.513427 0.423463 0.513427 0.423463 0.493305 0.408021 0.493305
2 0.426432 0.514404 0.439010 0.514404 0.439010 0.494002 0.426432 0.494002
2 0.443364 0.516238 0.456909 0.516238 0.456909 0.495149 0.443364 0.495149
3 0.463198 0.518760 0.476017 0.518760 0.476017 0.496753 0.463198 0.496753
3 0.481097 0.518760 0.493433 0.518760 0.493433 0.500192 0.481097 0.500192
10 0.497061 0.520365 0.509397 0.520365 0.509397 0.500650 0.497061 0.500650
9 0.512299 0.525178 0.523426 0.525178 0.523426 0.509820 0.512299 0.509820
9 0.527780 0.528388 0.536971 0.528388 0.536971 0.511883 0.527780 0.511883
1 0.396690 0.514364 0.544025 0.534896 0.548875 0.503636 0.401540 0.483104
0 0.333446 0.676879 0.617369 0.676879 0.617369 0.397367 0.333446 0.397367
