2 0.364402 0.442747 0.392932 0.442747 0.392932 0.408281 0.364402 0.408281
2 0.405122 0.442943 0.433652 0.443080 0.433899 0.408614 0.405370 0.408477
8 0.443373 0.443126 0.471902 0.443263 0.472150 0.408798 0.443620 0.408661
11 0.481636 0.443310 0.510166 0.443447 0.510413 0.408982 0.481884 0.408845
6 0.522833 0.443508 0.551363 0.443645 0.551610 0.409179 0.523081 0.409042
10 0.560753 0.443690 0.589282 0.443827 0.589529 0.409361 0.561000 0.409224
10 0.601945 0.443888 0.630475 0.444025 0.630722 0.409559 0.602192 0.409422
12 0.640498 0.444073 0.669028 0.444210 0.669275 0.409744 0.640745 0.409607
0 0.194953 0.757008 0.836006 0.757008 0.836006 0.220801 0.194953 0.220801
1 0.346273 0.451164 0.684687 0.451164 0.684687 0.405166 0.346273 0.405166
