2 0.414737 0.457551 0.430982 0.457551 0.430982 0.436514 0.414737 0.436514
2 0.436646 0.455716 0.452802 0.454320 0.450103 0.433400 0.433948 0.434796
2 0.457806 0.453888 0.473961 0.452492 0.471263 0.431571 0.455107 0.432967
3 0.480513 0.451926 0.496668 0.450530 0.493969 0.429609 0.477814 0.431005
3 0.501056 0.450151 0.517211 0.448755 0.514512 0.427834 0.498357 0.429230
12 0.519008 0.448600 0.535163 0.447204 0.532464 0.426283 0.516309 0.427679
12 0.536898 0.447054 0.553053 0.445658 0.550354 0.424737 0.534199 0.426133
12 0.553914 0.445584 0.570069 0.444188 0.567370 0.423267 0.551215 0.424663
1 0.406018 0.463580 0.581444 0.448245 0.577229 0.415942 0.401803 0.431276
0 0.343031 0.595987 0.653719 0.595987 0.653719 0.331282 0.343031 0.331282
