2 0.462407 0.513680 0.471461 0.513680 0.471461 0.499732 0.462407 0.499732
2 0.476872 0.511496 0.485824 0.510095 0.483818 0.496304 0.474865 0.497704
3 0.490437 0.509374 0.499389 0.507973 0.497383 0.494181 0.488430 0.495582
9 0.502934 0.507419 0.511887 0.506018 0.509880 0.492226 0.500927 0.493627
10 0.517357 0.505162 0.526310 0.503762 0.524303 0.489970 0.515350 0.491370
10 0.530729 0.503070 0.539682 0.501670 0.537675 0.487878 0.528723 0.489278
11 0.543794 0.501026 0.552747 0.499626 0.550740 0.485834 0.541787 0.487235
8 0.558937 0.498657 0.567890 0.497257 0.565883 0.483465 0.556931 0.484865
0 0.397912 0.654271 0.658200 0.634106 0.616236 0.401232 0.397912 0.437732
1 0.456599 0.518174 0.574714 0.499184 0.571846 0.480007 0.453732 0.498997
