9 0.556809 0.490053 0.569128 0.490053 0.569128 0.468046 0.556809 0.468046
2 0.479215 0.500164 0.494658 0.497617 0.490574 0.475943 0.475130 0.478491
11 0.578030 0.489199 0.593712 0.489199 0.593712 0.467192 0.578030 0.467192
6 0.604051 0.488903 0.619733 0.488903 0.619733 0.466895 0.604051 0.466895
8 0.628034 0.487164 0.643716 0.487164 0.643716 0.465157 0.628034 0.465157
5 0.655880 0.489932 0.671409 0.487890 0.668135 0.466097 0.652607 0.468139
5 0.529493 0.497054 0.545022 0.495012 0.541748 0.473219 0.526219 0.475261
2 0.507849 0.498155 0.516719 0.496989 0.513446 0.475195 0.504576 0.476362
0 0.097143 0.587984 0.471838 0.895887 0.906008 0.413629 0.428921 0.211442
1 0.465467 0.504778 0.683289 0.489766 0.680771 0.457780 0.462949 0.472792
