2 0.292291 0.455667 0.328045 0.455667 0.328045 0.386609 0.292291 0.386609
2 0.341894 0.456694 0.377643 0.457431 0.378530 0.388382 0.342781 0.387645
4 0.392006 0.457727 0.427755 0.458463 0.428642 0.389414 0.392893 0.388678
3 0.442012 0.458757 0.477761 0.459494 0.478648 0.390445 0.442899 0.389708
3 0.489033 0.459726 0.524782 0.460463 0.525670 0.391414 0.489920 0.390677
9 0.541946 0.460817 0.577695 0.461553 0.578582 0.392505 0.542833 0.391768
7 0.592275 0.461854 0.628024 0.462591 0.628911 0.393542 0.593162 0.392805
1 0.275307 0.477947 0.691941 0.477947 0.691941 0.364701 0.275307 0.364701
7 0.645006 0.462941 0.680756 0.463677 0.681643 0.394629 0.645893 0.393892
0 0.129896 0.985484 0.988225 0.819355 0.883688 0.016830 0.006417 0.186545
