7 0.596222 0.583513 0.634951 0.583513 0.634951 0.545897 0.596222 0.545897
7 0.580813 0.544808 0.542233 0.542263 0.537838 0.579734 0.576418 0.582279
5 0.534747 0.541769 0.496167 0.539224 0.491773 0.576695 0.530353 0.579240
11 0.486959 0.538616 0.448379 0.536071 0.443984 0.573543 0.482564 0.576088
9 0.438412 0.535414 0.399832 0.532869 0.395438 0.570340 0.434018 0.572885
5 0.391468 0.532317 0.352888 0.529772 0.348493 0.567243 0.387073 0.569788
2 0.344682 0.529230 0.306102 0.526685 0.301707 0.564157 0.340287 0.566702
2 0.297086 0.526091 0.258506 0.523545 0.254111 0.561017 0.292691 0.563562
1 0.241080 0.576896 0.645473 0.585380 0.648301 0.522812 0.239444 0.506361
0 0.022973 0.938765 0.871275 0.938765 0.871275 0.312258 0.022973 0.312258
