0 0.003135 0.803670 0.945585 0.803670 0.945585 0.365969 0.003135 0.365969
2 0.257053 0.534639 0.300940 0.534639 0.300940 0.503605 0.257053 0.503605
3 0.305199 0.537928 0.348636 0.540750 0.358490 0.510034 0.315054 0.507212
7 0.359413 0.541450 0.402850 0.544272 0.412704 0.513556 0.369268 0.510734
8 0.418424 0.545284 0.461861 0.548105 0.471715 0.517390 0.428278 0.514568
4 0.466702 0.548420 0.510139 0.551242 0.519993 0.520526 0.476557 0.517704
7 0.525268 0.552225 0.568705 0.555047 0.578559 0.524331 0.535122 0.521509
5 0.577916 0.555645 0.621353 0.558467 0.631207 0.527751 0.587770 0.524929
5 0.646376 0.560093 0.689813 0.562915 0.699667 0.532199 0.656230 0.529377
1 0.219400 0.535332 0.715081 0.568579 0.728157 0.529100 0.232476 0.495853
