2 0.195622 0.362814 0.209437 0.362814 0.209437 0.335984 0.195622 0.335984
2 0.211788 0.362813 0.225603 0.362813 0.225602 0.335983 0.211787 0.335984
3 0.229783 0.362813 0.243598 0.362813 0.243598 0.335983 0.229783 0.335983
9 0.245856 0.362813 0.259671 0.362813 0.259670 0.335983 0.245855 0.335983
10 0.263164 0.362813 0.276979 0.362812 0.276979 0.335982 0.263164 0.335983
10 0.282122 0.362812 0.295937 0.362812 0.295936 0.335982 0.282121 0.335982
11 0.299568 0.362812 0.313383 0.362812 0.313382 0.335982 0.299567 0.335982
8 0.318525 0.362812 0.332340 0.362811 0.332340 0.335981 0.318524 0.335982
1 0.190539 0.372548 0.337204 0.369321 0.335950 0.327824 0.191375 0.325980
0 0.116931 0.467725 0.296776 0.609375 0.471538 0.329581 0.254834 0.195645
