2 0.337877 0.634607 0.374782 0.634607 0.374782 0.591292 0.337877 0.591292
3 0.391211 0.638319 0.427965 0.640817 0.433176 0.597678 0.396421 0.595181
5 0.444725 0.641955 0.481480 0.644452 0.486690 0.601314 0.449936 0.598817
9 0.499015 0.645644 0.535769 0.648141 0.540980 0.605003 0.504225 0.602506
11 0.557398 0.649611 0.594152 0.652108 0.599363 0.608969 0.562608 0.606472
6 0.611037 0.653255 0.647792 0.655752 0.653002 0.612614 0.616248 0.610117
8 0.667403 0.657085 0.704157 0.659582 0.709368 0.616443 0.672613 0.613946
5 0.726669 0.661111 0.763424 0.663609 0.768634 0.620470 0.731880 0.617973
0 0.004301 1.000000 1.000000 0.993548 1.000000 0.330645 0.000000 0.327419
1 0.292534 0.641538 0.800866 0.677024 0.808997 0.611508 0.300665 0.576022
