2 0.412637 0.396940 0.433961 0.396940 0.433961 0.340214 0.412637 0.340214
4 0.436857 0.398575 0.458166 0.399997 0.459362 0.343311 0.438053 0.341890
5 0.464082 0.400391 0.485391 0.401813 0.486587 0.345127 0.465278 0.343706
5 0.488064 0.401991 0.509373 0.403413 0.510569 0.346727 0.489261 0.345306
4 0.511175 0.403533 0.532484 0.404954 0.533680 0.348269 0.512371 0.346847
10 0.536529 0.405224 0.557838 0.406645 0.559034 0.349960 0.537725 0.348539
4 0.560636 0.406832 0.581944 0.408253 0.583141 0.351568 0.561832 0.350147
12 0.585756 0.408508 0.607065 0.409929 0.608261 0.353244 0.586953 0.351822
0 0.177070 0.875867 0.757962 0.875867 0.757962 0.001699 0.177070 0.001699
1 0.399538 0.401594 0.618673 0.416743 0.620187 0.347528 0.401052 0.332380
