2 0.372087 0.489200 0.396639 0.493811 0.402172 0.451392 0.374809 0.448939
2 0.406417 0.495303 0.431077 0.498735 0.434430 0.455912 0.409769 0.452480
2 0.438157 0.499720 0.462817 0.503152 0.466170 0.460329 0.441509 0.456897
10 0.473306 0.504612 0.497967 0.508044 0.501319 0.465221 0.476659 0.461789
8 0.504532 0.508958 0.529192 0.512390 0.532545 0.469567 0.507884 0.466135
6 0.535711 0.513297 0.560372 0.516729 0.563724 0.473906 0.539064 0.470474
7 0.562139 0.516975 0.586799 0.520408 0.590152 0.477584 0.565491 0.474152
6 0.590508 0.520924 0.615168 0.524356 0.618520 0.481533 0.593860 0.478101
1 0.365652 0.502772 0.616768 0.534462 0.619443 0.469895 0.373470 0.437419
0 0.234923 0.900868 0.745023 0.900868 0.745023 0.215313 0.234923 0.215313
