2 0.078378 0.519498 0.140154 0.519498 0.140154 0.465058 0.078378 0.465058
2 0.137694 0.521496 0.199410 0.523546 0.202622 0.469160 0.140907 0.467109
9 0.206490 0.523782 0.268206 0.525832 0.271419 0.471446 0.209703 0.469395
8 0.260507 0.525576 0.322222 0.527627 0.325435 0.473240 0.263719 0.471190
10 0.322127 0.527624 0.383843 0.529674 0.387055 0.475288 0.325340 0.473237
5 0.382242 0.529621 0.443957 0.531672 0.447170 0.477285 0.385454 0.475235
4 0.441960 0.531606 0.503675 0.533656 0.506888 0.479270 0.445172 0.477219
10 0.506200 0.533740 0.567916 0.535791 0.571128 0.481404 0.509413 0.479353
1 0.047490 0.565830 0.614286 0.565830 0.614286 0.412934 0.047490 0.412934
0 0.008881 0.999039 0.933977 0.999039 0.933977 0.130309 0.008881 0.130309
