11 0.853846 0.490653 0.923077 0.490653 0.923077 0.434951 0.853846 0.434951
3 0.269982 0.427004 0.200781 0.426063 0.197239 0.481741 0.266440 0.482681
2 0.370130 0.428365 0.300929 0.427424 0.297387 0.483102 0.366588 0.484043
2 0.168992 0.425631 0.099790 0.424690 0.096248 0.480368 0.165449 0.481309
5 0.586919 0.431311 0.517718 0.430371 0.514176 0.486049 0.583377 0.486989
11 0.688575 0.432693 0.619374 0.431752 0.615832 0.487430 0.685033 0.488371
7 0.805460 0.434281 0.736259 0.433341 0.732717 0.489019 0.801918 0.489959
4 0.481451 0.429878 0.412250 0.428937 0.408708 0.484615 0.477909 0.485556
1 0.028664 0.504150 0.951945 0.504150 0.951945 0.403041 0.028664 0.403041
0 0.012138 0.950912 0.983143 0.950912 0.983143 0.042076 0.012138 0.042076
