2 0.260300 0.378818 0.311793 0.372850 0.308988 0.326906 0.260300 0.326906
2 0.325910 0.370994 0.377750 0.367057 0.371559 0.321299 0.319720 0.325236
3 0.389497 0.366165 0.441337 0.362228 0.435147 0.316470 0.383307 0.320407
9 0.446595 0.361829 0.498435 0.357892 0.492244 0.312135 0.440404 0.316071
10 0.508006 0.357165 0.559846 0.353229 0.553656 0.307471 0.501816 0.311408
10 0.564929 0.352843 0.616769 0.348906 0.610579 0.303148 0.558739 0.307085
11 0.622207 0.348493 0.674047 0.344556 0.667857 0.298799 0.616017 0.302735
1 0.246719 0.394246 0.798809 0.357844 0.783697 0.271834 0.236891 0.296389
0 0.022472 0.895134 0.994382 0.895134 0.994382 0.075764 0.022472 0.075764
8 0.687256 0.343553 0.739096 0.339617 0.732906 0.293859 0.681066 0.297796
