2 0.276659 0.470117 0.325416 0.470117 0.325416 0.432158 0.276659 0.432158
3 0.332060 0.472940 0.380531 0.475313 0.389652 0.437576 0.341180 0.435204
7 0.402727 0.476399 0.451198 0.478771 0.460318 0.441035 0.411847 0.438662
8 0.456574 0.479034 0.505045 0.481406 0.514166 0.443670 0.465694 0.441298
4 0.516496 0.481967 0.564967 0.484339 0.574087 0.446602 0.525616 0.444230
7 0.582328 0.485189 0.630799 0.487561 0.639919 0.449824 0.591448 0.447452
5 0.629999 0.487522 0.678470 0.489894 0.687590 0.452157 0.639119 0.449785
5 0.704291 0.491158 0.752762 0.493530 0.761882 0.455793 0.713411 0.453421
0 0.000000 0.769219 0.993750 0.769219 0.993750 0.267187 0.000000 0.267187
1 0.237396 0.471297 0.780933 0.498793 0.792463 0.452640 0.248926 0.425144
