2 0.263417 0.559864 0.299977 0.559864 0.299977 0.524738 0.263417 0.524738
2 0.303957 0.560758 0.340494 0.561554 0.342437 0.526449 0.305899 0.525653
8 0.352445 0.561814 0.388983 0.562610 0.390925 0.527505 0.354387 0.526709
5 0.396140 0.562766 0.432678 0.563562 0.434620 0.528457 0.398082 0.527661
3 0.444125 0.563811 0.480663 0.564607 0.482605 0.529502 0.446067 0.528706
4 0.488525 0.564778 0.525063 0.565574 0.527005 0.530469 0.490467 0.529673
10 0.531699 0.565718 0.568237 0.566514 0.570179 0.531409 0.533641 0.530614
2 0.584936 0.566878 0.621474 0.567674 0.623416 0.532569 0.586878 0.531773
0 0.033408 0.880303 0.861031 0.880303 0.861031 0.351590 0.033408 0.351590
1 0.243610 0.573840 0.648451 0.573840 0.648451 0.516209 0.243610 0.516209
