0 0.039824 0.746416 0.977877 0.746416 0.977877 0.200064 0.039824 0.200064
2 0.239823 0.410897 0.284071 0.410897 0.284071 0.366690 0.239823 0.366690
3 0.302702 0.404303 0.346311 0.399505 0.334623 0.355936 0.291014 0.360734
4 0.352289 0.398847 0.395898 0.394049 0.384211 0.350480 0.340602 0.355278
7 0.400357 0.393558 0.443966 0.388760 0.432279 0.345191 0.388670 0.349989
8 0.460850 0.386903 0.504459 0.382104 0.492771 0.338536 0.449162 0.343334
11 0.505037 0.382041 0.548646 0.377243 0.536959 0.333674 0.493350 0.338472
2 0.553523 0.376706 0.597132 0.371908 0.585444 0.328339 0.541835 0.333138
12 0.607375 0.368610 0.650985 0.363811 0.639297 0.320243 0.595688 0.325041
1 0.217393 0.421702 0.678372 0.367497 0.663025 0.313962 0.202045 0.368168
