2 0.294175 0.409185 0.330097 0.409185 0.330097 0.351600 0.294175 0.351600
3 0.338850 0.407983 0.374762 0.407011 0.373564 0.349442 0.337652 0.350414
7 0.381048 0.406840 0.416960 0.405868 0.415761 0.348299 0.379849 0.349272
8 0.427230 0.405590 0.463142 0.404617 0.461943 0.347048 0.426031 0.348021
4 0.470930 0.404406 0.506842 0.403434 0.505644 0.345865 0.469732 0.346837
7 0.511233 0.403315 0.547145 0.402342 0.545946 0.344773 0.510034 0.345746
5 0.557843 0.402052 0.593755 0.401080 0.592556 0.343511 0.556644 0.344484
12 0.605955 0.400749 0.641867 0.399777 0.640668 0.342208 0.604756 0.343181
0 0.108158 0.877483 0.858067 0.877483 0.858067 0.038205 0.108158 0.038205
1 0.273483 0.417717 0.662934 0.406813 0.661376 0.334373 0.271924 0.345276
