2 0.422908 0.482169 0.407831 0.482169 0.407831 0.509906 0.422908 0.509906
2 0.424781 0.510420 0.439661 0.513045 0.443804 0.485671 0.428925 0.483046
7 0.444810 0.513953 0.459690 0.516578 0.463833 0.489204 0.448953 0.486579
7 0.465276 0.517563 0.480155 0.520188 0.484298 0.492814 0.469419 0.490189
7 0.486916 0.521380 0.501796 0.524005 0.505939 0.496631 0.491059 0.494006
11 0.506160 0.524775 0.521039 0.527399 0.525183 0.500025 0.510303 0.497401
11 0.528550 0.528724 0.543430 0.531348 0.547573 0.503974 0.532693 0.501350
7 0.553720 0.533164 0.568600 0.535788 0.572743 0.508414 0.557863 0.505790
1 0.393155 0.511785 0.579577 0.544273 0.585119 0.507211 0.398697 0.474724
0 0.314311 0.758621 0.670785 0.758621 0.670785 0.351724 0.314311 0.351724
