2 0.101694 0.603107 0.189816 0.603107 0.189816 0.483051 0.101694 0.483051
2 0.207001 0.596688 0.294814 0.591159 0.281424 0.471524 0.193611 0.477053
5 0.319596 0.589599 0.407410 0.584070 0.394019 0.464435 0.306206 0.469964
6 0.424413 0.583000 0.512227 0.577471 0.498836 0.457836 0.411023 0.463364
7 0.529750 0.576368 0.617563 0.570839 0.604172 0.451204 0.516359 0.456732
5 0.631989 0.569931 0.719802 0.564402 0.706412 0.444767 0.618598 0.450295
9 0.735549 0.563411 0.823362 0.557882 0.809971 0.438247 0.722158 0.443775
10 0.848544 0.556296 0.936357 0.550768 0.922966 0.431132 0.835153 0.436661
0 0.001883 0.997175 0.992467 0.997175 0.992467 0.038135 0.001883 0.038135
1 0.053716 0.630143 0.981325 0.577210 0.965226 0.418519 0.037618 0.471451
