2 0.333862 0.407236 0.357555 0.407236 0.357555 0.365876 0.333862 0.365876
2 0.370757 0.403373 0.394347 0.400845 0.390971 0.359665 0.367381 0.362193
2 0.400365 0.400200 0.423955 0.397672 0.420580 0.356492 0.396990 0.359020
4 0.432110 0.396798 0.455700 0.394269 0.452325 0.353090 0.428735 0.355618
5 0.460810 0.393722 0.484400 0.391194 0.481024 0.350014 0.457434 0.352542
4 0.491400 0.390444 0.514990 0.387915 0.511615 0.346736 0.488025 0.349264
5 0.520013 0.387377 0.543603 0.384849 0.540227 0.343670 0.516637 0.346198
12 0.553850 0.383751 0.577440 0.381223 0.574065 0.340043 0.550475 0.342571
0 0.150662 0.733239 0.740170 0.739590 0.706031 0.157084 0.190128 0.174668
1 0.319717 0.414426 0.592559 0.384221 0.588366 0.334700 0.315524 0.364905
