2 0.272345 0.439942 0.308875 0.439942 0.308875 0.361572 0.272345 0.361572
2 0.348859 0.358869 0.312329 0.358869 0.312329 0.437239 0.348859 0.437239
7 0.391781 0.360160 0.355251 0.360160 0.355251 0.438531 0.391781 0.438531
7 0.439270 0.355641 0.402740 0.355641 0.402740 0.434012 0.439270 0.434012
7 0.489954 0.351767 0.453424 0.351767 0.453424 0.430137 0.489954 0.430137
11 0.538813 0.354350 0.502283 0.354350 0.502283 0.432720 0.538813 0.432720
11 0.592237 0.354350 0.555707 0.354350 0.555707 0.432720 0.592237 0.432720
7 0.647489 0.348539 0.610959 0.348539 0.610959 0.426909 0.647489 0.426909
0 0.056567 0.968855 0.920601 0.968855 0.920601 0.014559 0.056567 0.014559
1 0.249954 0.452542 0.671579 0.438590 0.669883 0.336109 0.248258 0.350061
