2 0.202547 0.575873 0.229262 0.577922 0.237992 0.556500 0.215088 0.552936
2 0.279202 0.560146 0.253036 0.557186 0.244157 0.580626 0.270323 0.583586
4 0.318947 0.564644 0.292781 0.561683 0.283902 0.585123 0.310068 0.588084
6 0.359090 0.569186 0.332924 0.566226 0.324045 0.589666 0.350210 0.592626
8 0.397174 0.573495 0.371008 0.570535 0.362129 0.593975 0.388295 0.596935
3 0.434876 0.577761 0.408710 0.574801 0.399831 0.598241 0.425997 0.601201
10 0.474375 0.582231 0.448209 0.579270 0.439330 0.602710 0.465496 0.605671
12 0.520581 0.587459 0.494415 0.584499 0.485536 0.607939 0.511702 0.610899
0 0.000767 0.803551 0.683399 0.806878 0.704889 0.447120 0.001796 0.427822
1 0.172430 0.577841 0.540990 0.620283 0.554168 0.586099 0.185608 0.543657
