2 0.376431 0.362731 0.410031 0.362731 0.410031 0.313421 0.376431 0.313421
2 0.413091 0.366690 0.446353 0.370055 0.456195 0.321239 0.422932 0.317875
2 0.454540 0.370883 0.487802 0.374247 0.497644 0.325432 0.464382 0.322067
3 0.494909 0.374966 0.528172 0.378331 0.538013 0.329516 0.504751 0.326151
8 0.542787 0.379810 0.576050 0.383174 0.585892 0.334359 0.552629 0.330994
10 0.584938 0.384073 0.618200 0.387438 0.628042 0.338623 0.594780 0.335258
9 0.624008 0.388026 0.657271 0.391390 0.667112 0.342575 0.633850 0.339210
8 0.668320 0.392508 0.701583 0.395873 0.711425 0.347057 0.678162 0.343693
0 0.175499 0.645530 0.877451 0.645530 0.877451 0.183578 0.175499 0.183578
1 0.344109 0.370013 0.719344 0.409212 0.734426 0.336780 0.359190 0.297580
