2 0.372900 0.404623 0.404558 0.404623 0.404558 0.339361 0.372900 0.339361
2 0.414200 0.405943 0.445849 0.406948 0.447014 0.341705 0.415365 0.340700
7 0.458317 0.407344 0.489966 0.408349 0.491132 0.343105 0.459483 0.342101
8 0.501354 0.408710 0.533003 0.409715 0.534169 0.344472 0.502520 0.343467
7 0.541159 0.409974 0.572808 0.410979 0.573973 0.345736 0.542324 0.344731
10 0.577704 0.411134 0.609353 0.412139 0.610518 0.346896 0.578869 0.345891
6 0.620645 0.412498 0.652294 0.413503 0.653459 0.348259 0.621810 0.347254
8 0.665492 0.413922 0.697141 0.414926 0.698306 0.349683 0.666657 0.348678
1 0.369379 0.418656 0.707080 0.418656 0.707080 0.326092 0.369379 0.326092
0 0.018550 0.978872 0.969368 0.978872 0.969368 0.016320 0.018550 0.016320
