2 0.310500 0.443851 0.325212 0.445203 0.325986 0.418129 0.310707 0.418093
2 0.351117 0.419527 0.335900 0.418088 0.333791 0.445076 0.349008 0.446515
7 0.374118 0.421701 0.358901 0.420263 0.356793 0.447251 0.372010 0.448689
5 0.397518 0.423914 0.382301 0.422475 0.380192 0.449463 0.395409 0.450902
3 0.420196 0.426058 0.404979 0.424619 0.402870 0.451607 0.418087 0.453046
4 0.442824 0.428197 0.427607 0.426759 0.425499 0.453747 0.440716 0.455185
7 0.464951 0.430289 0.449734 0.428851 0.447626 0.455839 0.462843 0.457277
10 0.488349 0.432501 0.473132 0.431063 0.471024 0.458051 0.486241 0.459489
0 0.133036 0.698823 0.617956 0.707450 0.617956 0.237979 0.141906 0.245137
1 0.292736 0.450412 0.501137 0.470393 0.504787 0.424315 0.296386 0.404335
