2 0.351380 0.579193 0.385350 0.579193 0.385350 0.490870 0.351380 0.490870
2 0.408632 0.580214 0.442599 0.580817 0.443481 0.492502 0.409514 0.491898
7 0.460618 0.581137 0.494585 0.581740 0.495467 0.493425 0.461500 0.492821
8 0.517219 0.582142 0.551186 0.582745 0.552068 0.494430 0.518101 0.493827
7 0.569965 0.583078 0.603932 0.583681 0.604814 0.495366 0.570847 0.494763
10 0.621628 0.583996 0.655595 0.584599 0.656477 0.496284 0.622510 0.495681
6 0.674821 0.584940 0.708788 0.585543 0.709670 0.497228 0.675703 0.496625
8 0.728478 0.585893 0.762445 0.586496 0.763327 0.498181 0.729360 0.497578
1 0.342887 0.590941 0.780293 0.590941 0.782173 0.480346 0.342316 0.467463
0 0.000387 0.980042 0.988323 0.980042 0.988323 0.013021 0.000387 0.013021
