12 0.563623 0.547302 0.597525 0.547302 0.597525 0.511076 0.563623 0.511076
4 0.546293 0.512239 0.512546 0.514664 0.517153 0.550725 0.550901 0.548299
10 0.508946 0.514923 0.475199 0.517348 0.479806 0.553409 0.513554 0.550984
2 0.300604 0.529897 0.266857 0.532322 0.271464 0.568383 0.305212 0.565958
2 0.341002 0.526993 0.307254 0.529419 0.311862 0.565480 0.345609 0.563054
2 0.466106 0.518002 0.432358 0.520427 0.436966 0.556488 0.470713 0.554063
3 0.425948 0.520888 0.392200 0.523314 0.396808 0.559374 0.430555 0.556949
7 0.384592 0.523860 0.350845 0.526286 0.355452 0.562347 0.389200 0.559921
1 0.264700 0.571276 0.605815 0.550644 0.607034 0.495051 0.261117 0.519621
0 0.006416 0.909063 0.851739 0.909063 0.851739 0.292340 0.006416 0.292340
