2 0.429420 0.466372 0.474682 0.466372 0.474682 0.399612 0.429420 0.399612
2 0.496513 0.460477 0.541594 0.456426 0.535618 0.389934 0.490538 0.393985
4 0.558107 0.454942 0.603187 0.450890 0.597211 0.384398 0.552131 0.388450
3 0.624242 0.448998 0.669322 0.444947 0.663347 0.378455 0.618266 0.382506
3 0.677743 0.444190 0.722824 0.440139 0.716848 0.373647 0.671768 0.377698
9 0.743123 0.438314 0.788203 0.434263 0.782228 0.367771 0.737148 0.371822
7 0.804011 0.432842 0.849091 0.428791 0.843116 0.362299 0.798035 0.366350
12 0.870584 0.426860 0.915664 0.422808 0.909688 0.356316 0.864608 0.360368
0 0.153324 0.974823 0.999717 0.974823 0.999717 0.041301 0.153324 0.041301
1 0.401018 0.477451 0.945663 0.427009 0.938366 0.348219 0.393721 0.398661
