2 0.150696 0.400193 0.196764 0.400193 0.196764 0.309717 0.150696 0.309717
2 0.210014 0.402514 0.256063 0.404300 0.258036 0.313862 0.211988 0.312076
7 0.272362 0.404932 0.318411 0.406719 0.320385 0.316281 0.274336 0.314495
8 0.331791 0.407238 0.377840 0.409025 0.379813 0.318587 0.333765 0.316800
7 0.386749 0.409370 0.432798 0.411157 0.434771 0.320719 0.388723 0.318933
10 0.439874 0.411431 0.485922 0.413218 0.487896 0.322780 0.441847 0.320994
6 0.496390 0.413624 0.542438 0.415411 0.544412 0.324973 0.498363 0.323186
1 0.131448 0.432587 0.619642 0.432587 0.619642 0.297334 0.131448 0.297334
0 0.000893 0.993452 0.976157 1.000000 0.998215 0.005358 0.000893 0.005358
8 0.556650 0.415962 0.602698 0.417749 0.604672 0.327311 0.558624 0.325524
