2 0.319776 0.563816 0.373072 0.563816 0.373072 0.497896 0.319776 0.497896
2 0.382476 0.561981 0.435749 0.560409 0.433805 0.494518 0.380533 0.496089
4 0.437189 0.560366 0.490462 0.558795 0.488518 0.492903 0.435245 0.494475
3 0.492582 0.558732 0.545855 0.557161 0.543911 0.491269 0.490638 0.492841
3 0.547294 0.557118 0.600567 0.555546 0.598623 0.489655 0.545350 0.491227
9 0.604893 0.555419 0.658166 0.553847 0.656222 0.487956 0.602949 0.489527
7 0.660945 0.553765 0.714218 0.552193 0.712274 0.486302 0.659001 0.487874
12 0.724705 0.551884 0.777978 0.550312 0.776034 0.484421 0.722761 0.485993
0 0.050490 0.997195 0.999073 0.997195 0.999073 0.131837 0.050490 0.131837
1 0.292455 0.570341 0.805708 0.554603 0.803390 0.479014 0.290137 0.494752
