2 0.310426 0.502370 0.359400 0.502370 0.359400 0.450236 0.310426 0.450236
2 0.371701 0.501784 0.420671 0.501315 0.419782 0.449185 0.370812 0.449655
9 0.431706 0.501209 0.480676 0.500739 0.479787 0.448609 0.430817 0.449079
2 0.488469 0.500664 0.537439 0.500195 0.536550 0.448065 0.487580 0.448535
7 0.547207 0.500101 0.596177 0.499631 0.595288 0.447501 0.546318 0.447971
6 0.608686 0.499511 0.657656 0.499041 0.656767 0.446912 0.607797 0.447381
6 0.668214 0.498940 0.717184 0.498470 0.716295 0.446341 0.667325 0.446810
10 0.728961 0.498357 0.777931 0.497888 0.777042 0.445758 0.728072 0.446228
1 0.301634 0.510864 0.792815 0.498608 0.787234 0.430324 0.299767 0.442526
0 0.010268 0.969194 0.997630 0.969194 0.997630 0.136256 0.010268 0.136256
