2 0.425390 0.434436 0.404412 0.434436 0.404412 0.467950 0.425390 0.467950
2 0.430120 0.467310 0.450783 0.463399 0.445421 0.430389 0.424758 0.434300
6 0.451974 0.463174 0.472637 0.459262 0.467275 0.426252 0.446612 0.430163
5 0.472845 0.459223 0.493508 0.455311 0.488146 0.422301 0.467484 0.426212
10 0.496343 0.454775 0.517006 0.450863 0.511644 0.417853 0.490981 0.421764
7 0.519466 0.450398 0.540129 0.446486 0.534767 0.413476 0.514104 0.417387
10 0.541057 0.446311 0.561720 0.442399 0.556358 0.409389 0.535695 0.413300
2 0.566849 0.441429 0.587511 0.437517 0.582150 0.404507 0.561487 0.408418
0 0.297913 0.718506 0.712989 0.718506 0.712989 0.253730 0.297913 0.253730
1 0.394944 0.482033 0.602174 0.450152 0.595630 0.400574 0.388400 0.432455
