2 0.397568 0.493940 0.417469 0.493940 0.417469 0.464468 0.397568 0.464468
2 0.425640 0.495156 0.445520 0.496006 0.447042 0.466566 0.427163 0.465717
3 0.456495 0.496475 0.476374 0.497325 0.477897 0.467885 0.458018 0.467035
9 0.488643 0.497849 0.508522 0.498699 0.510045 0.469259 0.490166 0.468409
3 0.519882 0.499184 0.539761 0.500034 0.541284 0.470594 0.521405 0.469745
3 0.551954 0.500555 0.571833 0.501405 0.573356 0.471965 0.553477 0.471115
3 0.584659 0.501953 0.604538 0.502802 0.606060 0.473363 0.586181 0.472513
5 0.618543 0.503401 0.638422 0.504251 0.639944 0.474811 0.620065 0.473961
1 0.386985 0.500485 0.648548 0.510755 0.651616 0.464038 0.388515 0.450790
0 0.228067 0.795722 0.805392 0.795722 0.805392 0.299039 0.228067 0.299039
