2 0.335668 0.461134 0.362045 0.461134 0.362045 0.427400 0.335668 0.427400
2 0.372727 0.460545 0.398701 0.460545 0.398701 0.427464 0.372727 0.427464
3 0.412823 0.460065 0.435303 0.460065 0.435303 0.428070 0.412823 0.428070
5 0.445455 0.462936 0.472509 0.462936 0.472509 0.434050 0.445455 0.434050
2 0.481361 0.461931 0.509932 0.461931 0.509932 0.429872 0.481361 0.429872
6 0.516884 0.463336 0.541559 0.463336 0.541559 0.433126 0.516884 0.433126
5 0.546754 0.464930 0.570130 0.464930 0.570130 0.430798 0.546754 0.430798
9 0.575325 0.467960 0.600000 0.467960 0.600000 0.434799 0.575325 0.434799
0 0.187013 0.738890 0.757143 0.738890 0.757143 0.239502 0.187013 0.239502
1 0.318421 0.463975 0.615802 0.472017 0.617328 0.429112 0.319947 0.421070
