2 0.330956 0.620191 0.356634 0.620191 0.356634 0.583709 0.330956 0.583709
2 0.366194 0.628928 0.391178 0.634762 0.399746 0.599267 0.374762 0.593432
6 0.398984 0.636585 0.423967 0.642420 0.432535 0.606925 0.407552 0.601090
7 0.435892 0.645205 0.460875 0.651039 0.469443 0.615544 0.444460 0.609710
5 0.466816 0.652427 0.491800 0.658261 0.500368 0.622766 0.475384 0.616932
8 0.499123 0.659972 0.524107 0.665806 0.532675 0.630311 0.507691 0.624477
9 0.522687 0.665475 0.547671 0.671310 0.556239 0.635814 0.531255 0.629980
6 0.557375 0.673576 0.582359 0.679411 0.590927 0.643915 0.565944 0.638081
0 0.179142 0.951334 0.711840 0.951334 0.711840 0.425154 0.179142 0.425154
1 0.304965 0.621634 0.595756 0.691905 0.609398 0.637289 0.318607 0.567017
