2 0.243879 0.347136 0.302432 0.346491 0.291532 0.273079 0.237663 0.274220
2 0.320742 0.343430 0.379162 0.340299 0.372650 0.266571 0.314229 0.269703
6 0.402358 0.339055 0.460779 0.335924 0.454267 0.262197 0.395846 0.265328
5 0.477460 0.335030 0.535880 0.331899 0.529368 0.258172 0.470947 0.261303
3 0.551997 0.331035 0.610418 0.327904 0.603906 0.254177 0.545485 0.257308
6 0.626050 0.327066 0.684471 0.323935 0.677958 0.250208 0.619538 0.253339
8 0.691615 0.323552 0.750036 0.320420 0.743524 0.246693 0.685103 0.249825
1 0.216419 0.362539 0.850776 0.328340 0.843069 0.233672 0.214355 0.257733
0 0.086137 0.937331 0.969313 0.937331 0.969313 0.003153 0.086137 0.003153
12 0.766770 0.319523 0.825191 0.316392 0.818678 0.242665 0.760258 0.245796
