2 0.295605 0.559200 0.334140 0.559200 0.334140 0.512638 0.295605 0.512638
2 0.347243 0.559803 0.383898 0.559803 0.383898 0.516042 0.347243 0.516042
5 0.396735 0.560399 0.429111 0.560399 0.429111 0.520248 0.396735 0.520248
9 0.450767 0.556397 0.481280 0.556397 0.481280 0.516447 0.450767 0.516447
11 0.501325 0.557796 0.537453 0.557796 0.537453 0.518254 0.501325 0.518254
5 0.552434 0.563613 0.588015 0.563613 0.588015 0.523645 0.552434 0.523645
7 0.598185 0.564412 0.645001 0.564412 0.645001 0.523458 0.598185 0.523458
7 0.661035 0.573828 0.699587 0.573828 0.699587 0.536690 0.661035 0.536690
1 0.282792 0.562580 0.710516 0.580078 0.716636 0.517559 0.278131 0.499043
0 0.048887 0.942416 0.962516 0.942416 0.962516 0.287022 0.048887 0.287022
