2 0.412243 0.368200 0.435182 0.368200 0.435182 0.328904 0.412243 0.328904
2 0.442582 0.371581 0.465445 0.374079 0.467852 0.334914 0.444990 0.332416
2 0.472293 0.374827 0.495155 0.377326 0.497562 0.338161 0.474700 0.335663
10 0.503476 0.378235 0.526338 0.380733 0.528745 0.341568 0.505883 0.339070
8 0.534972 0.381676 0.557834 0.384174 0.560242 0.345010 0.537379 0.342512
6 0.563956 0.384843 0.586819 0.387342 0.589226 0.348177 0.566363 0.345679
7 0.587252 0.387389 0.610115 0.389887 0.612522 0.350722 0.589659 0.348224
6 0.614690 0.390387 0.637553 0.392885 0.639960 0.353721 0.617097 0.351222
1 0.404278 0.392083 0.639345 0.409156 0.643918 0.339033 0.403821 0.310373
0 0.282138 0.733618 0.771013 0.733618 0.771013 0.099018 0.282138 0.099018
