12 0.410237 0.408739 0.376714 0.408739 0.376714 0.468713 0.410237 0.468713
12 0.410096 0.468744 0.443573 0.471090 0.445933 0.411198 0.412456 0.408853
12 0.446941 0.471326 0.480418 0.473671 0.482778 0.413780 0.449301 0.411434
5 0.484395 0.473950 0.517872 0.476295 0.520232 0.416404 0.486755 0.414058
3 0.526054 0.476868 0.559531 0.479214 0.561891 0.419322 0.528414 0.416977
4 0.568702 0.479856 0.602179 0.482202 0.604539 0.422310 0.571063 0.419965
7 0.609671 0.482727 0.643148 0.485072 0.645508 0.425181 0.612031 0.422835
10 0.650178 0.485565 0.683655 0.487910 0.686015 0.428019 0.652539 0.425673
0 0.050631 0.996600 0.909400 0.996600 0.909400 0.030689 0.050631 0.030689
1 0.356948 0.482366 0.703360 0.492400 0.704700 0.410135 0.358288 0.400102
