2 0.226016 0.470426 0.273673 0.470426 0.273673 0.438840 0.226016 0.438840
3 0.290023 0.471811 0.337627 0.472829 0.340956 0.441278 0.293352 0.440261
7 0.361038 0.473329 0.408641 0.474346 0.411970 0.442796 0.364367 0.441778
8 0.435006 0.474909 0.482609 0.475926 0.485938 0.444376 0.438335 0.443359
4 0.497099 0.476236 0.544702 0.477253 0.548031 0.445703 0.500428 0.444686
7 0.560786 0.477597 0.608389 0.478614 0.611718 0.447064 0.564115 0.446046
5 0.634807 0.479179 0.682410 0.480196 0.685739 0.448645 0.638136 0.447628
5 0.714487 0.480881 0.762090 0.481898 0.765419 0.450348 0.717816 0.449331
0 0.001317 0.794466 0.992094 0.794466 0.992094 0.238340 0.001317 0.238340
1 0.189890 0.472761 0.794086 0.486038 0.798296 0.447240 0.194100 0.433963
