2 0.389850 0.514795 0.428126 0.514795 0.428126 0.436449 0.389850 0.436449
3 0.437368 0.513770 0.468711 0.513770 0.468711 0.440194 0.437368 0.440194
2 0.477706 0.514912 0.518415 0.514912 0.518415 0.445248 0.477706 0.445248
2 0.523381 0.516447 0.560079 0.516447 0.560079 0.451670 0.523381 0.451670
10 0.567362 0.520579 0.601941 0.520579 0.601941 0.449632 0.567362 0.449632
9 0.611663 0.522394 0.648103 0.522394 0.648103 0.456958 0.611663 0.456958
2 0.654327 0.525671 0.689063 0.525671 0.689063 0.461185 0.654327 0.461185
3 0.696555 0.532449 0.739787 0.532449 0.739787 0.459443 0.696555 0.459443
1 0.369859 0.555947 0.768871 0.555947 0.768871 0.401884 0.369859 0.401884
0 0.002653 0.994578 0.999219 0.994578 0.999219 0.009547 0.002653 0.009547
