0 0.003396 0.890377 0.767170 0.890377 0.767170 0.359924 0.003396 0.359924
2 0.280025 0.586183 0.302192 0.585021 0.299534 0.556505 0.277367 0.557667
2 0.313484 0.584927 0.335677 0.584091 0.333767 0.555542 0.311574 0.556377
7 0.350213 0.583544 0.372407 0.582709 0.370497 0.554159 0.348303 0.554995
3 0.388234 0.582114 0.410427 0.581278 0.408517 0.552729 0.386324 0.553564
2 0.422235 0.580834 0.444428 0.579999 0.442518 0.551449 0.420325 0.552284
10 0.457787 0.579496 0.479980 0.578661 0.478070 0.550111 0.455877 0.550946
12 0.534790 0.576598 0.556983 0.575763 0.555073 0.547213 0.532880 0.548048
1 0.275035 0.594907 0.574562 0.582966 0.572720 0.536665 0.269109 0.548704
4 0.490522 0.578264 0.512715 0.577429 0.510805 0.548879 0.488612 0.549714
