11 0.620861 0.486892 0.652554 0.486892 0.652554 0.449008 0.620861 0.449008
8 0.598021 0.448832 0.566329 0.448588 0.565924 0.486471 0.597616 0.486714
6 0.549996 0.448463 0.518304 0.448220 0.517899 0.486102 0.549590 0.486345
3 0.500194 0.448081 0.468503 0.447837 0.468098 0.485720 0.499789 0.485963
5 0.449951 0.447695 0.418260 0.447451 0.417855 0.485334 0.449546 0.485577
6 0.400979 0.447319 0.369288 0.447075 0.368883 0.484958 0.400574 0.485201
2 0.350479 0.446931 0.318787 0.446687 0.318382 0.484570 0.350074 0.484813
2 0.306849 0.446596 0.275158 0.446352 0.274753 0.484235 0.306444 0.484478
1 0.257572 0.497315 0.663196 0.497315 0.663196 0.429966 0.257572 0.429966
0 0.047454 0.703261 0.772090 0.929348 0.968319 0.276087 0.232140 0.094565
