2 0.219075 0.644179 0.256114 0.649295 0.274808 0.605544 0.238841 0.598330
0 0.025135 0.972410 0.744744 0.972410 0.744744 0.441643 0.025135 0.441643
2 0.267545 0.652260 0.303645 0.659117 0.319571 0.614792 0.283472 0.607934
6 0.311624 0.660633 0.347723 0.667490 0.363650 0.623165 0.327550 0.616307
7 0.356712 0.669198 0.392811 0.676055 0.408738 0.631730 0.372638 0.624872
5 0.400586 0.677532 0.436686 0.684389 0.452612 0.640064 0.416513 0.633207
8 0.446360 0.686227 0.482459 0.693084 0.498385 0.648759 0.462286 0.641902
9 0.484910 0.693550 0.521010 0.700408 0.536936 0.656082 0.500837 0.649225
6 0.524042 0.700983 0.560141 0.707841 0.576067 0.663515 0.539968 0.656658
1 0.196030 0.647513 0.577502 0.720264 0.599466 0.659375 0.217994 0.586625
