2 0.358108 0.472684 0.383467 0.472684 0.383467 0.453666 0.358108 0.453666
2 0.387461 0.470061 0.412633 0.467751 0.409553 0.448874 0.384382 0.451184
2 0.416176 0.467426 0.441347 0.465116 0.438268 0.446239 0.413096 0.448549
7 0.443516 0.464917 0.468688 0.462607 0.465608 0.443730 0.440437 0.446040
9 0.470645 0.462428 0.495817 0.460118 0.492737 0.441240 0.467566 0.443550
11 0.496618 0.460044 0.521789 0.457734 0.518710 0.438857 0.493538 0.441167
3 0.520154 0.457884 0.545325 0.455574 0.542245 0.436697 0.517074 0.439007
8 0.542034 0.455876 0.567205 0.453566 0.564126 0.434689 0.538954 0.436999
1 0.350686 0.481034 0.575200 0.464799 0.567778 0.423978 0.350686 0.440213
0 0.277391 0.647613 0.733534 0.625762 0.643234 0.306619 0.230080 0.346975
