2 0.424071 0.645005 0.443347 0.645005 0.443347 0.627361 0.424071 0.627361
2 0.448647 0.647559 0.466545 0.648230 0.467995 0.627901 0.450096 0.627230
4 0.472861 0.646597 0.493667 0.647376 0.494872 0.630478 0.474066 0.629698
5 0.498742 0.648791 0.519049 0.649552 0.520244 0.632790 0.499937 0.632029
8 0.522914 0.649498 0.543483 0.650269 0.544786 0.631994 0.524217 0.631224
9 0.546045 0.650855 0.570347 0.651766 0.571562 0.634713 0.547260 0.633802
10 0.574329 0.651915 0.592228 0.652586 0.593444 0.635533 0.575545 0.634863
5 0.599925 0.652994 0.614218 0.653529 0.615483 0.635780 0.601191 0.635244
0 0.316312 0.834783 0.742060 0.834783 0.742060 0.539130 0.316312 0.539130
1 0.403520 0.660383 0.639428 0.669787 0.643269 0.619134 0.407361 0.609730
