2 0.335391 0.331961 0.390947 0.331961 0.390947 0.216735 0.335391 0.216735
2 0.404109 0.346236 0.459059 0.357143 0.471784 0.243173 0.416834 0.232266
10 0.481694 0.361636 0.536644 0.372543 0.549369 0.258573 0.494419 0.247666
6 0.563917 0.377956 0.618867 0.388863 0.631592 0.274893 0.576642 0.263986
7 0.644285 0.393909 0.699236 0.404816 0.711961 0.290846 0.657010 0.279939
11 0.730908 0.411102 0.785858 0.422009 0.798583 0.308039 0.743633 0.297132
4 0.813954 0.427586 0.868904 0.438493 0.881629 0.324523 0.826679 0.313616
4 0.905148 0.445687 0.960099 0.456595 0.972823 0.342625 0.917873 0.331717
1 0.295426 0.357982 0.975517 0.493793 0.978621 0.293793 0.301034 0.169655
0 0.007201 0.639231 0.988683 0.639231 0.988683 0.008230 0.007201 0.008230
