2 0.297470 0.445957 0.337851 0.445957 0.337851 0.385648 0.297470 0.385648
2 0.345455 0.444874 0.385827 0.443958 0.384566 0.383663 0.344194 0.384580
4 0.401663 0.443598 0.442035 0.442681 0.440774 0.382387 0.400402 0.383303
3 0.451420 0.442468 0.491791 0.441552 0.490530 0.381257 0.450159 0.382174
3 0.501895 0.441322 0.542267 0.440405 0.541006 0.380111 0.500634 0.381027
9 0.558489 0.440037 0.598861 0.439120 0.597600 0.378826 0.557228 0.379742
7 0.620595 0.438627 0.660966 0.437710 0.659705 0.377416 0.619334 0.378332
7 0.679734 0.437284 0.720105 0.436368 0.718844 0.376073 0.678473 0.376990
1 0.280497 0.462952 0.729657 0.462952 0.729657 0.365235 0.280497 0.365235
0 0.088668 0.979109 0.996867 0.979462 0.996584 0.002949 0.070584 0.017435
