2 0.287056 0.433976 0.321537 0.433976 0.321537 0.391132 0.287056 0.391132
2 0.335072 0.435347 0.369528 0.436320 0.371678 0.393507 0.337222 0.392534
3 0.385771 0.436779 0.420228 0.437752 0.422377 0.394939 0.387921 0.393965
9 0.431300 0.438065 0.465756 0.439038 0.467906 0.396224 0.433449 0.395251
3 0.484061 0.439555 0.518517 0.440528 0.520667 0.397714 0.486210 0.396741
3 0.530828 0.440876 0.565284 0.441849 0.567434 0.399035 0.532977 0.398062
3 0.578048 0.442209 0.612504 0.443183 0.614654 0.400369 0.580197 0.399396
5 0.634343 0.443799 0.668799 0.444772 0.670949 0.401959 0.636492 0.400986
1 0.270781 0.438090 0.687156 0.452780 0.685051 0.392293 0.271507 0.381113
0 0.045018 0.809140 0.921926 0.809140 0.921926 0.173913 0.045018 0.173913
