2 0.286259 0.597134 0.328541 0.597134 0.328541 0.558646 0.286259 0.558646
2 0.335651 0.597740 0.377926 0.598256 0.378974 0.559775 0.336699 0.559259
8 0.383873 0.598329 0.426148 0.598845 0.427196 0.560363 0.384921 0.559847
5 0.432548 0.598923 0.474823 0.599439 0.475872 0.560958 0.433597 0.560441
3 0.476926 0.599465 0.519201 0.599981 0.520250 0.561499 0.477975 0.560983
4 0.530249 0.600116 0.572524 0.600632 0.573573 0.562150 0.531298 0.561634
10 0.583514 0.600766 0.625789 0.601282 0.626838 0.562801 0.584563 0.562284
2 0.639631 0.601451 0.681906 0.601967 0.682954 0.563486 0.640680 0.562970
1 0.264175 0.617003 0.716991 0.617003 0.716991 0.542410 0.264175 0.542410
0 0.076533 0.922019 0.952643 0.922019 0.952643 0.375260 0.076533 0.375260
