2 0.450968 0.611015 0.470852 0.611015 0.470852 0.588745 0.450968 0.588745
2 0.473895 0.611123 0.493779 0.611218 0.494000 0.588948 0.474116 0.588854
4 0.494868 0.611223 0.514751 0.611317 0.514972 0.589048 0.495089 0.588953
5 0.517924 0.611332 0.537808 0.611426 0.538029 0.589157 0.518145 0.589063
8 0.539033 0.611432 0.558916 0.611526 0.559137 0.589257 0.539254 0.589162
9 0.561646 0.611539 0.581530 0.611633 0.581751 0.589364 0.561867 0.589270
10 0.584084 0.611645 0.603968 0.611739 0.604189 0.589470 0.584305 0.589376
5 0.608001 0.611758 0.627885 0.611852 0.628106 0.589583 0.608223 0.589489
0 0.360554 0.768364 0.740851 0.768364 0.740851 0.513678 0.360554 0.513678
1 0.440075 0.614281 0.638479 0.615255 0.638778 0.586250 0.440374 0.585276
