2 0.104638 0.384200 0.179977 0.384200 0.179977 0.304136 0.104638 0.304136
2 0.197095 0.380981 0.272351 0.378325 0.267322 0.298350 0.192067 0.301006
3 0.290848 0.377672 0.366103 0.375016 0.361075 0.295041 0.285819 0.297697
9 0.372683 0.374784 0.447939 0.372128 0.442910 0.292152 0.367654 0.294809
10 0.459215 0.371730 0.534470 0.369074 0.529441 0.289098 0.454186 0.291754
10 0.543586 0.368752 0.618841 0.366096 0.613812 0.286120 0.538557 0.288777
11 0.627406 0.365793 0.702662 0.363137 0.697633 0.283162 0.622378 0.285818
8 0.726377 0.362300 0.801633 0.359644 0.796604 0.279669 0.721348 0.282325
0 0.015585 0.976904 0.986271 0.976904 0.986271 0.015012 0.015585 0.015012
1 0.063313 0.393436 0.844083 0.364879 0.838053 0.272341 0.057283 0.300899
