2 0.310117 0.426048 0.341273 0.426048 0.341273 0.369795 0.310117 0.369795
2 0.359916 0.424435 0.391062 0.423421 0.389931 0.367186 0.358785 0.368201
9 0.406722 0.422911 0.437868 0.421897 0.436737 0.365662 0.405592 0.366676
9 0.452117 0.421432 0.483263 0.420418 0.482132 0.364183 0.450987 0.365198
9 0.502424 0.419794 0.533569 0.418780 0.532439 0.362545 0.501293 0.363559
7 0.547625 0.418322 0.578770 0.417307 0.577640 0.361073 0.546494 0.362087
6 0.596909 0.416717 0.628055 0.415702 0.626924 0.359468 0.595778 0.360482
12 0.647261 0.415077 0.678407 0.414062 0.677277 0.357828 0.646131 0.358842
1 0.293452 0.437115 0.699212 0.425126 0.699212 0.342130 0.294901 0.346741
0 0.017488 0.901452 0.875881 0.992339 0.989556 0.103871 0.129706 0.009274
