2 0.275361 0.329388 0.313615 0.331394 0.317558 0.289099 0.279304 0.287093
2 0.334642 0.334607 0.372896 0.336613 0.376839 0.294318 0.338586 0.292311
3 0.395806 0.339601 0.434059 0.341607 0.438003 0.299312 0.399749 0.297306
5 0.450079 0.347971 0.488333 0.349978 0.492276 0.307682 0.454023 0.305676
2 0.511817 0.347988 0.549954 0.350995 0.555527 0.311229 0.517390 0.308223
6 0.569323 0.358634 0.599740 0.360229 0.603683 0.317933 0.573267 0.316338
9 0.660652 0.373432 0.698906 0.375438 0.702849 0.333142 0.664595 0.331136
5 0.619003 0.361768 0.647575 0.363267 0.651518 0.320971 0.622946 0.319473
0 0.026826 0.726513 0.964029 0.726513 0.964029 0.020164 0.026826 0.020164
1 0.244431 0.332865 0.723458 0.384025 0.734485 0.325947 0.255458 0.274787
