2 0.410901 0.352457 0.432349 0.352457 0.432349 0.295795 0.410901 0.295795
0 0.291756 0.830423 0.747594 0.830423 0.747594 0.003811 0.291756 0.003811
2 0.441005 0.355470 0.462420 0.357582 0.464186 0.301007 0.442771 0.298895
2 0.471372 0.358465 0.492787 0.360578 0.494553 0.304003 0.473137 0.301890
2 0.501582 0.361445 0.522997 0.363558 0.524763 0.306983 0.503348 0.304870
9 0.530730 0.364321 0.552145 0.366433 0.553911 0.309858 0.532496 0.307745
7 0.556655 0.366878 0.578070 0.368990 0.579835 0.312415 0.558420 0.310303
2 0.580117 0.369192 0.601532 0.371304 0.603298 0.314729 0.581883 0.312617
11 0.603109 0.371460 0.624524 0.373572 0.626290 0.316997 0.604875 0.314885
1 0.395975 0.356500 0.637249 0.381099 0.639499 0.311350 0.398225 0.286751
