2 0.220371 0.549344 0.265741 0.549344 0.265741 0.497379 0.220371 0.497379
2 0.283142 0.552325 0.328438 0.554446 0.332067 0.502566 0.286772 0.500445
9 0.339808 0.554978 0.385104 0.557099 0.388733 0.505219 0.343438 0.503098
2 0.391178 0.557383 0.436473 0.559504 0.440103 0.507624 0.394807 0.505503
7 0.446313 0.559965 0.491608 0.562086 0.495238 0.510205 0.449942 0.508085
6 0.498752 0.562420 0.544048 0.564541 0.547677 0.512661 0.502381 0.510540
6 0.551081 0.564870 0.596377 0.566991 0.600006 0.515111 0.554710 0.512990
10 0.603022 0.567302 0.648318 0.569423 0.651947 0.517542 0.606651 0.515422
0 0.000000 0.890323 0.816204 0.991935 0.979840 0.206452 0.158019 0.168303
1 0.190335 0.554818 0.676268 0.577028 0.680648 0.512896 0.194715 0.490686
