2 0.388175 0.685383 0.410063 0.685383 0.410063 0.654284 0.388175 0.654284
2 0.420893 0.683248 0.442728 0.681797 0.440431 0.650774 0.418597 0.652225
2 0.451361 0.681224 0.473195 0.679773 0.470898 0.648751 0.449064 0.650201
10 0.483682 0.679077 0.505517 0.677626 0.503220 0.646603 0.481385 0.648054
3 0.515026 0.676994 0.536860 0.675544 0.534563 0.644521 0.512729 0.645972
7 0.544577 0.675031 0.566412 0.673581 0.564115 0.642558 0.542281 0.644009
8 0.578023 0.672810 0.599857 0.671359 0.597560 0.640336 0.575726 0.641787
7 0.612154 0.670542 0.633988 0.669092 0.631691 0.638069 0.609857 0.639519
1 0.378350 0.695302 0.650308 0.676816 0.651088 0.627601 0.375202 0.638652
0 0.366463 0.917315 0.823436 0.766545 0.737055 0.473548 0.215376 0.543071
