2 0.391854 0.686632 0.423804 0.689004 0.426012 0.638939 0.394898 0.638939
2 0.441031 0.691868 0.472958 0.694502 0.477556 0.644583 0.445629 0.641948
2 0.486139 0.695590 0.518066 0.698224 0.522664 0.648305 0.490738 0.645670
6 0.526594 0.698928 0.558521 0.701563 0.563119 0.651643 0.531193 0.649009
5 0.565248 0.695981 0.592593 0.698238 0.596625 0.654460 0.569280 0.652203
10 0.602023 0.693757 0.624164 0.695584 0.627721 0.656974 0.605579 0.655147
7 0.627412 0.707247 0.650297 0.709136 0.654895 0.659216 0.632010 0.657328
3 0.661448 0.710056 0.680143 0.711599 0.683912 0.670686 0.665217 0.669143
0 0.252065 0.870880 0.825068 0.870880 0.825068 0.410670 0.252065 0.410670
1 0.372541 0.689063 0.697154 0.717040 0.702672 0.659685 0.378059 0.631708
