2 0.449814 0.502571 0.461197 0.502571 0.461197 0.485050 0.449814 0.485050
3 0.464156 0.501543 0.475508 0.500710 0.474222 0.483236 0.462870 0.484069
3 0.476756 0.500618 0.488108 0.499786 0.486822 0.482312 0.475470 0.483145
10 0.489743 0.499666 0.501095 0.498833 0.499809 0.481359 0.488457 0.482192
9 0.503166 0.498681 0.514517 0.497848 0.513231 0.480375 0.501880 0.481207
10 0.516999 0.497666 0.528350 0.496833 0.527064 0.479360 0.515713 0.480193
3 0.530120 0.496704 0.541472 0.495871 0.540186 0.478397 0.528834 0.479230
9 0.543919 0.495691 0.555271 0.494859 0.553985 0.477385 0.542633 0.478218
1 0.443634 0.505008 0.561772 0.496034 0.560212 0.475561 0.442074 0.484535
0 0.321718 0.537966 0.584797 0.656108 0.679967 0.455771 0.422659 0.346121
