2 0.390697 0.423908 0.418162 0.425708 0.420146 0.386186 0.396454 0.381569
2 0.424304 0.425211 0.451740 0.427555 0.454162 0.388067 0.426727 0.385723
3 0.457352 0.428034 0.484787 0.430378 0.487210 0.390890 0.459774 0.388547
9 0.487583 0.430617 0.515018 0.432961 0.517441 0.393473 0.490006 0.391129
3 0.517965 0.433213 0.545401 0.435557 0.547824 0.396069 0.520388 0.393725
3 0.550104 0.435959 0.577539 0.438302 0.579962 0.398814 0.552526 0.396471
3 0.583054 0.438774 0.610489 0.441117 0.612912 0.401629 0.585476 0.399286
5 0.618713 0.441820 0.646148 0.444164 0.648571 0.404676 0.621136 0.402332
1 0.380186 0.430290 0.657736 0.459343 0.661450 0.378042 0.386410 0.358820
0 0.230862 0.811630 0.806221 0.811630 0.806221 0.181248 0.230862 0.181248
