2 0.445259 0.670794 0.475053 0.670794 0.475053 0.601921 0.445259 0.601921
2 0.481396 0.667768 0.511125 0.665216 0.507637 0.596493 0.477908 0.599044
7 0.519646 0.664485 0.549375 0.661934 0.545887 0.593210 0.516157 0.595762
9 0.550832 0.661809 0.580561 0.659257 0.577073 0.590534 0.547344 0.593085
6 0.592197 0.658259 0.621926 0.655708 0.618438 0.586984 0.588708 0.589535
5 0.626420 0.655322 0.656149 0.652771 0.652661 0.584047 0.622932 0.586598
5 0.662985 0.652184 0.692715 0.649633 0.689226 0.580909 0.659497 0.583461
2 0.697299 0.649239 0.727028 0.646688 0.723540 0.577964 0.693811 0.580516
0 0.289128 0.748095 0.796937 1.000000 0.999473 0.446558 0.384455 0.231298
1 0.428711 0.679199 0.744373 0.651179 0.740188 0.571451 0.424525 0.599470
