2 0.359891 0.370228 0.384590 0.370228 0.384590 0.323264 0.359891 0.323264
2 0.399266 0.364753 0.423826 0.361255 0.420084 0.314557 0.395525 0.318055
2 0.433468 0.359882 0.458028 0.356384 0.454286 0.309686 0.429727 0.313184
4 0.466720 0.355146 0.491279 0.351648 0.487538 0.304950 0.462978 0.308448
5 0.503861 0.349856 0.528420 0.346358 0.524679 0.299660 0.500119 0.303158
4 0.536803 0.345164 0.561362 0.341666 0.557621 0.294968 0.533061 0.298466
5 0.571621 0.340205 0.596180 0.336707 0.592439 0.290009 0.567880 0.293507
12 0.602938 0.335744 0.627497 0.332246 0.623756 0.285548 0.599197 0.289046
1 0.350799 0.383064 0.639577 0.348180 0.633367 0.279656 0.347895 0.307278
0 0.182399 0.835033 0.815955 0.846517 0.815955 0.045935 0.182399 0.045935
