2 0.291740 0.470432 0.321743 0.464295 0.311396 0.429249 0.280484 0.433681
2 0.338049 0.461780 0.368406 0.456716 0.358017 0.421677 0.327659 0.426741
5 0.383729 0.454160 0.414086 0.449097 0.403696 0.414058 0.373339 0.419121
5 0.432686 0.445995 0.463043 0.440931 0.452653 0.405892 0.422296 0.410956
11 0.478990 0.438271 0.509347 0.433208 0.498957 0.398169 0.468600 0.403232
2 0.524610 0.430662 0.554967 0.425599 0.544577 0.390560 0.514220 0.395623
5 0.570297 0.423042 0.600654 0.417978 0.590264 0.382939 0.559907 0.388003
1 0.285141 0.483194 0.667754 0.418362 0.650205 0.360072 0.264527 0.420238
0 0.051193 0.803451 0.890839 0.803451 0.890839 0.202752 0.051193 0.202752
5 0.614004 0.415751 0.644362 0.410688 0.633972 0.375649 0.603615 0.380713
