2 0.397758 0.320250 0.436612 0.321506 0.441166 0.263332 0.401364 0.264560
2 0.441862 0.325523 0.480493 0.328978 0.489134 0.271082 0.450503 0.267627
2 0.487264 0.329583 0.525895 0.333038 0.534536 0.275143 0.495905 0.271688
3 0.533072 0.333680 0.571703 0.337135 0.580344 0.279240 0.541714 0.275785
8 0.573356 0.337283 0.611987 0.340738 0.620628 0.282843 0.581997 0.279388
10 0.612270 0.340764 0.650901 0.344219 0.659542 0.286323 0.620911 0.282868
9 0.659009 0.344944 0.697640 0.348399 0.706281 0.290503 0.667650 0.287048
8 0.701531 0.348747 0.740161 0.352202 0.748802 0.294306 0.710172 0.290851
0 0.137931 0.664365 0.976245 0.664365 0.976245 0.085419 0.137931 0.085419
1 0.370086 0.329955 0.759152 0.366089 0.772035 0.282963 0.382970 0.246829
