2 0.426228 0.423111 0.444667 0.423111 0.444667 0.362667 0.426228 0.362667
4 0.448736 0.424931 0.467157 0.426396 0.468676 0.366012 0.450255 0.364547
5 0.475712 0.427076 0.494133 0.428540 0.495652 0.368157 0.477231 0.366692
5 0.500707 0.429063 0.519128 0.430528 0.520647 0.370144 0.502226 0.368679
4 0.524867 0.430984 0.543288 0.432449 0.544807 0.372065 0.526387 0.370600
10 0.551044 0.433065 0.569464 0.434530 0.570984 0.374146 0.552563 0.372682
5 0.573238 0.434830 0.591659 0.436295 0.593178 0.375911 0.574757 0.374446
5 0.599384 0.436909 0.617805 0.438374 0.619324 0.377990 0.600903 0.376525
0 0.187333 0.824889 0.791333 0.824889 0.791333 0.053333 0.187333 0.053333
1 0.412932 0.427583 0.629238 0.445311 0.631129 0.372388 0.414823 0.354660
