2 0.517845 0.551077 0.545272 0.551077 0.545272 0.519569 0.517845 0.519569
2 0.547580 0.551506 0.575003 0.551899 0.575678 0.520395 0.548254 0.520002
3 0.582159 0.552001 0.609583 0.552394 0.610257 0.520891 0.582833 0.520498
4 0.616079 0.552487 0.643502 0.552880 0.644177 0.521377 0.616753 0.520984
3 0.651354 0.552993 0.678777 0.553386 0.679451 0.521883 0.652028 0.521490
9 0.685940 0.553489 0.713364 0.553882 0.714038 0.522378 0.686614 0.521985
4 0.720548 0.553985 0.747971 0.554378 0.748646 0.522874 0.721222 0.522481
9 0.761387 0.554570 0.788810 0.554963 0.789484 0.523460 0.762061 0.523067
0 0.343599 0.836528 0.895848 0.836528 0.895848 0.325663 0.343599 0.325663
1 0.500778 0.554082 0.805035 0.558582 0.805883 0.520165 0.501626 0.515666
