2 0.133943 0.361482 0.151432 0.361482 0.151432 0.324740 0.133943 0.324740
2 0.154362 0.361340 0.171851 0.361218 0.171706 0.324476 0.154218 0.324598
2 0.177557 0.361178 0.195045 0.361056 0.194901 0.324314 0.177412 0.324436
11 0.198728 0.361030 0.216216 0.360908 0.216072 0.324167 0.198583 0.324289
6 0.219558 0.360885 0.237047 0.360763 0.236903 0.324021 0.219414 0.324143
10 0.239316 0.360747 0.256805 0.360625 0.256660 0.323884 0.239172 0.324006
7 0.259742 0.360605 0.277231 0.360483 0.277086 0.323741 0.259598 0.323863
1 0.126605 0.366207 0.309921 0.363491 0.310949 0.317699 0.126153 0.314593
0 0.025927 0.631172 0.402946 0.631172 0.402946 0.152357 0.025927 0.152357
2 0.286506 0.360418 0.303995 0.360296 0.303851 0.323554 0.286362 0.323676
