12 0.506448 0.403196 0.539115 0.403196 0.539115 0.317892 0.506448 0.317892
2 0.492901 0.313106 0.460710 0.303230 0.452545 0.387291 0.484736 0.397167
10 0.445389 0.298530 0.413198 0.288654 0.405032 0.372715 0.437223 0.382590
6 0.403157 0.285573 0.370966 0.275698 0.362801 0.359758 0.394991 0.369634
6 0.356240 0.271180 0.324049 0.261304 0.315884 0.345365 0.348075 0.355241
4 0.313578 0.258092 0.281387 0.248216 0.273222 0.332277 0.305412 0.342153
2 0.269984 0.244718 0.237793 0.234842 0.229628 0.318903 0.261818 0.328779
2 0.226401 0.231347 0.194210 0.221472 0.186045 0.305532 0.218236 0.315408
0 0.052000 0.873184 0.714000 0.873184 0.714000 0.036729 0.052000 0.036729
1 0.164116 0.307589 0.558807 0.424910 0.568593 0.320929 0.173902 0.203608
