2 0.388700 0.471723 0.428572 0.471723 0.428572 0.420997 0.388700 0.420997
2 0.435315 0.474621 0.475056 0.477021 0.480609 0.426462 0.440868 0.424063
5 0.493208 0.478117 0.532949 0.480516 0.538502 0.429958 0.498761 0.427558
6 0.544448 0.481211 0.584189 0.483610 0.589742 0.433052 0.550001 0.430652
8 0.594535 0.484235 0.634276 0.486634 0.639829 0.436076 0.600088 0.433677
3 0.641778 0.487087 0.681519 0.489487 0.687072 0.438929 0.647331 0.436529
9 0.695000 0.490301 0.734741 0.492700 0.740294 0.442142 0.700553 0.439743
8 0.752286 0.493760 0.792027 0.496159 0.797580 0.445601 0.757839 0.443201
0 0.090543 0.881678 0.993561 0.881678 0.993561 0.199012 0.090543 0.199012
1 0.351546 0.473616 0.819613 0.502501 0.826434 0.441734 0.358368 0.412849
