2 0.345661 0.546965 0.364864 0.546965 0.364864 0.521354 0.345661 0.521354
2 0.370761 0.545046 0.389895 0.543548 0.387539 0.518029 0.368405 0.519527
2 0.395101 0.543140 0.414235 0.541642 0.411879 0.516123 0.392745 0.517621
8 0.419170 0.541256 0.438304 0.539757 0.435948 0.514239 0.416814 0.515737
3 0.443118 0.539381 0.462252 0.537882 0.459895 0.512364 0.440761 0.513862
3 0.466959 0.537514 0.486093 0.536016 0.483737 0.510497 0.464603 0.511995
10 0.490879 0.535641 0.510013 0.534143 0.507657 0.508624 0.488523 0.510122
12 0.517563 0.533552 0.536697 0.532054 0.534341 0.506535 0.515207 0.508033
1 0.311878 0.553979 0.567124 0.553979 0.567124 0.500983 0.311878 0.500983
0 0.184172 0.719187 0.643584 0.802742 0.671685 0.407207 0.268871 0.391789
