2 0.269058 0.712405 0.310073 0.712405 0.310073 0.669359 0.269058 0.669359
3 0.326020 0.710728 0.367011 0.709512 0.365343 0.666491 0.324352 0.667707
3 0.377820 0.709191 0.418812 0.707975 0.417144 0.664954 0.376152 0.666170
10 0.431627 0.707595 0.472618 0.706379 0.470950 0.663358 0.429959 0.664574
9 0.487795 0.705929 0.528786 0.704713 0.527118 0.661692 0.486127 0.662908
10 0.543254 0.704284 0.584245 0.703068 0.582577 0.660047 0.541585 0.661263
3 0.599636 0.702612 0.640628 0.701396 0.638960 0.658375 0.597968 0.659591
12 0.654235 0.700992 0.695226 0.699777 0.693558 0.656755 0.652566 0.657971
1 0.258394 0.723166 0.716941 0.713840 0.714480 0.647119 0.258394 0.658598
0 0.000820 0.783430 0.668912 0.994665 0.945012 0.337080 0.194924 0.307843
