2 0.211538 0.595085 0.256577 0.595085 0.256577 0.503205 0.211538 0.503205
3 0.272798 0.601843 0.313663 0.601843 0.313663 0.509492 0.272798 0.509492
2 0.329644 0.603717 0.370164 0.603717 0.370164 0.509007 0.329644 0.509007
2 0.380488 0.603395 0.423729 0.603395 0.423729 0.508323 0.380488 0.508323
10 0.438786 0.600959 0.482856 0.600959 0.482856 0.510399 0.438786 0.510399
9 0.489630 0.600636 0.532899 0.600636 0.532899 0.512858 0.489630 0.512858
2 0.541032 0.601483 0.577891 0.601483 0.577891 0.525033 0.541032 0.525033
1 0.198244 0.631743 0.646335 0.631743 0.646335 0.478969 0.198244 0.478969
0 0.003205 0.998932 0.983173 0.998932 0.983173 0.002137 0.003205 0.002137
3 0.596469 0.620829 0.633328 0.620829 0.633328 0.544550 0.596469 0.544550
