2 0.399384 0.483853 0.424601 0.483853 0.424601 0.435468 0.399384 0.435468
2 0.432554 0.484280 0.457769 0.484604 0.458213 0.436221 0.432997 0.435898
10 0.466608 0.484717 0.491824 0.485040 0.492267 0.436658 0.467052 0.436335
6 0.504440 0.485202 0.529656 0.485526 0.530099 0.437144 0.504884 0.436820
7 0.541239 0.485675 0.566454 0.485998 0.566898 0.437616 0.541682 0.437292
11 0.575642 0.486116 0.600857 0.486439 0.601301 0.438057 0.576085 0.437734
4 0.616559 0.486641 0.641775 0.486964 0.642218 0.438582 0.617002 0.438259
4 0.657469 0.487166 0.682684 0.487489 0.683128 0.439107 0.657912 0.438784
1 0.389161 0.500788 0.691766 0.500788 0.691766 0.420146 0.389161 0.420146
0 0.109720 0.904881 0.932161 0.814245 0.883167 0.089251 0.056613 0.192863
