2 0.363492 0.482370 0.390161 0.482370 0.390161 0.434415 0.363492 0.434415
3 0.396765 0.482703 0.423433 0.482969 0.423852 0.435016 0.397183 0.434750
7 0.430965 0.483044 0.457633 0.483310 0.458051 0.435357 0.431383 0.435091
8 0.464631 0.483380 0.491299 0.483646 0.491717 0.435694 0.465049 0.435427
4 0.498596 0.483719 0.525265 0.483985 0.525683 0.436033 0.499014 0.435766
7 0.533756 0.484070 0.560424 0.484336 0.560842 0.436384 0.534174 0.436117
5 0.569486 0.484427 0.596155 0.484693 0.596573 0.436740 0.569904 0.436474
12 0.599425 0.484726 0.626094 0.484992 0.626512 0.437039 0.599843 0.436773
1 0.347239 0.486513 0.641836 0.489549 0.642348 0.432703 0.347751 0.429667
0 0.203121 0.804243 0.782168 0.804243 0.782168 0.213019 0.203121 0.213019
