2 0.280781 0.476123 0.311400 0.476123 0.311400 0.443821 0.280781 0.443821
5 0.624247 0.482115 0.654857 0.482649 0.655858 0.450356 0.625248 0.449822
3 0.568107 0.481137 0.598718 0.481670 0.599718 0.449377 0.569108 0.448843
3 0.519559 0.480290 0.550169 0.480824 0.551170 0.448531 0.520559 0.447997
3 0.471787 0.479457 0.502397 0.479991 0.503398 0.447698 0.472788 0.447164
9 0.420259 0.478559 0.450870 0.479093 0.451871 0.446799 0.421260 0.446266
3 0.375937 0.477786 0.406547 0.478320 0.407548 0.446027 0.376938 0.445493
2 0.326898 0.476931 0.357509 0.477465 0.358510 0.445172 0.327899 0.444638
1 0.263809 0.488650 0.676691 0.488650 0.676691 0.427070 0.263809 0.427070
0 0.044849 0.847046 0.903289 0.847046 0.903289 0.227130 0.044849 0.227130
