2 0.405932 0.513461 0.428175 0.513461 0.428175 0.477633 0.405932 0.477633
2 0.433825 0.514063 0.456065 0.514540 0.456585 0.478718 0.434346 0.478240
2 0.463335 0.514696 0.485574 0.515173 0.486095 0.479351 0.463855 0.478874
10 0.492414 0.515320 0.514653 0.515798 0.515174 0.479975 0.492934 0.479498
8 0.521018 0.515934 0.543258 0.516412 0.543778 0.480589 0.521539 0.480112
6 0.549655 0.516549 0.571894 0.517026 0.572415 0.481204 0.550175 0.480727
7 0.572532 0.517040 0.594771 0.517518 0.595292 0.481695 0.573052 0.481218
6 0.598969 0.517608 0.621209 0.518085 0.621729 0.482263 0.599490 0.481785
1 0.397431 0.530115 0.628189 0.530115 0.628189 0.463801 0.397431 0.463801
0 0.271548 0.849278 0.768304 0.849278 0.768304 0.279338 0.271548 0.279338
