2 0.352062 0.450895 0.384843 0.450895 0.384843 0.399705 0.352062 0.399705
2 0.398475 0.451776 0.431251 0.452395 0.432096 0.401213 0.399320 0.400594
5 0.441859 0.452595 0.474635 0.453214 0.475480 0.402032 0.442704 0.401413
10 0.488634 0.453478 0.521410 0.454097 0.522255 0.402915 0.489479 0.402296
2 0.533587 0.454327 0.566363 0.454946 0.567208 0.403764 0.534432 0.403145
3 0.580828 0.455220 0.613604 0.455839 0.614449 0.404657 0.581673 0.404038
6 0.625074 0.456055 0.657850 0.456674 0.658695 0.405492 0.625919 0.404873
12 0.672240 0.456946 0.705016 0.457565 0.705861 0.406383 0.673085 0.405764
1 0.338294 0.481750 0.721826 0.481750 0.721826 0.374460 0.338294 0.374460
0 0.009027 0.833103 0.848532 1.000000 0.999411 0.153103 0.131535 0.013793
