2 0.113678 0.752028 0.163067 0.752028 0.163067 0.692706 0.113678 0.692706
5 0.191521 0.750230 0.240886 0.749080 0.238431 0.689787 0.189066 0.690936
7 0.271472 0.748368 0.320838 0.747219 0.318383 0.687925 0.269018 0.689075
7 0.343079 0.746701 0.392444 0.745552 0.389990 0.686258 0.340624 0.687407
2 0.418883 0.744936 0.468248 0.743786 0.465794 0.684493 0.416429 0.685642
5 0.503784 0.742959 0.553149 0.741810 0.550695 0.682516 0.501329 0.683666
8 0.578623 0.741217 0.627988 0.740067 0.625534 0.680774 0.576168 0.681923
10 0.654658 0.739446 0.704023 0.738297 0.701569 0.679003 0.652203 0.680153
0 0.009416 1.000000 0.996233 1.000000 0.996233 0.259888 0.009416 0.259888
1 0.077160 0.762468 0.736432 0.747116 0.741171 0.650753 0.079028 0.661740
