2 0.289313 0.447678 0.334791 0.447678 0.334791 0.414539 0.289313 0.414539
3 0.346075 0.450719 0.391257 0.453052 0.399655 0.420130 0.354473 0.417796
7 0.400003 0.453504 0.445186 0.455838 0.453583 0.422915 0.408401 0.420582
8 0.459463 0.456575 0.504645 0.458909 0.513043 0.425987 0.467861 0.423653
4 0.516230 0.459508 0.561412 0.461841 0.569810 0.428919 0.524628 0.426585
7 0.576818 0.462637 0.622000 0.464971 0.630398 0.432048 0.585215 0.429715
5 0.644900 0.466154 0.690082 0.468487 0.698480 0.435565 0.653298 0.433231
5 0.723517 0.470214 0.768699 0.472548 0.777096 0.439626 0.731914 0.437292
0 0.001935 0.735677 0.998065 0.735677 0.998065 0.231677 0.001935 0.231677
1 0.250637 0.448788 0.796982 0.477855 0.807832 0.436560 0.261486 0.407493
