2 0.383032 0.443547 0.411003 0.443547 0.411003 0.390390 0.383032 0.390390
2 0.423503 0.446976 0.448757 0.446976 0.448757 0.392676 0.423503 0.392676
5 0.464901 0.442802 0.489003 0.442802 0.489003 0.398964 0.464901 0.398964
7 0.500382 0.445320 0.527382 0.445320 0.527382 0.400166 0.500382 0.400166
6 0.541004 0.448691 0.565504 0.448691 0.565504 0.405822 0.541004 0.405822
3 0.579504 0.449833 0.600504 0.449833 0.600504 0.405250 0.579504 0.405250
5 0.615004 0.445833 0.639504 0.445833 0.639504 0.405822 0.615004 0.405822
12 0.651504 0.440117 0.681004 0.440117 0.681004 0.401821 0.651504 0.401821
0 0.223294 1.000000 1.000000 0.649465 0.782002 0.000000 0.000000 0.325386
1 0.363925 0.449588 0.698583 0.458229 0.699858 0.393698 0.365200 0.385057
