7 0.289961 0.415576 0.314964 0.415576 0.314964 0.391590 0.289961 0.391590
8 0.282149 0.391476 0.257151 0.391119 0.256541 0.415101 0.281540 0.415458
11 0.247207 0.390977 0.222209 0.390620 0.221599 0.414601 0.246598 0.414959
2 0.214375 0.390508 0.189376 0.390150 0.188767 0.414132 0.213766 0.414489
11 0.179868 0.390015 0.154870 0.389657 0.154260 0.413639 0.179259 0.413996
6 0.148465 0.389566 0.123467 0.389209 0.122857 0.413190 0.147856 0.413548
3 0.112494 0.389052 0.087495 0.388695 0.086886 0.412676 0.111884 0.413033
2 0.076516 0.388538 0.051517 0.388180 0.050908 0.412162 0.075906 0.412519
1 0.043537 0.423686 0.322935 0.423686 0.322935 0.379538 0.043537 0.379538
0 0.004247 0.647600 0.465923 0.647600 0.465923 0.249712 0.004247 0.249712
