2 0.438150 0.621276 0.455222 0.621276 0.455222 0.581153 0.438150 0.581153
2 0.462260 0.623241 0.479308 0.624611 0.480709 0.584545 0.463660 0.583175
2 0.486259 0.625170 0.503308 0.626539 0.504709 0.586473 0.487660 0.585103
2 0.535718 0.629144 0.552767 0.630514 0.554168 0.590447 0.537119 0.589078
2 0.599213 0.634246 0.616262 0.635616 0.617663 0.595549 0.600614 0.594180
8 0.513112 0.627327 0.530161 0.628697 0.531562 0.588631 0.514513 0.587261
8 0.578836 0.632608 0.595885 0.633978 0.597286 0.593912 0.580237 0.592542
5 0.555511 0.630734 0.572560 0.632104 0.573960 0.592038 0.556911 0.590668
0 0.331731 0.977847 0.684840 0.977847 0.684840 0.404841 0.331731 0.404841
1 0.425715 0.626361 0.626799 0.643030 0.628732 0.589420 0.427648 0.572751
