2 0.364549 0.496218 0.395500 0.496218 0.395500 0.439056 0.364549 0.439056
2 0.406760 0.499312 0.437665 0.501547 0.439987 0.444468 0.409081 0.442234
2 0.445399 0.502106 0.476305 0.504340 0.478626 0.447262 0.447720 0.445028
4 0.487522 0.505151 0.518428 0.507386 0.520749 0.450308 0.489844 0.448073
5 0.525138 0.507871 0.556043 0.510106 0.558365 0.453028 0.527459 0.450793
4 0.561169 0.510476 0.592074 0.512711 0.594396 0.455633 0.563490 0.453398
5 0.602759 0.513483 0.633665 0.515718 0.635986 0.458640 0.605081 0.456405
1 0.354861 0.512113 0.692146 0.534362 0.692675 0.445316 0.353795 0.412729
0 0.138216 0.995896 0.849930 1.000000 0.873072 0.129032 0.167251 0.109397
12 0.644546 0.516505 0.675452 0.518739 0.677773 0.461661 0.646868 0.459427
