2 0.226462 0.605450 0.267773 0.605450 0.267773 0.564777 0.226462 0.564777
2 0.276918 0.601672 0.318013 0.598509 0.312475 0.558048 0.271380 0.561212
8 0.327150 0.597805 0.368245 0.594642 0.362707 0.554181 0.321612 0.557345
11 0.369338 0.594557 0.410433 0.591394 0.404895 0.550933 0.363800 0.554097
6 0.413790 0.591135 0.454885 0.587972 0.449348 0.547511 0.408253 0.550675
10 0.454528 0.587999 0.495623 0.584835 0.490086 0.544375 0.448991 0.547539
10 0.497780 0.584669 0.538876 0.581505 0.533338 0.541045 0.492243 0.544209
3 0.542671 0.581213 0.583766 0.578050 0.578229 0.537589 0.537134 0.540753
1 0.207352 0.629045 0.599405 0.584625 0.592782 0.515828 0.196625 0.557813
0 0.009570 0.959390 0.800547 0.959390 0.800547 0.356256 0.009570 0.356256
