2 0.311847 0.469789 0.335577 0.469789 0.335577 0.441156 0.311847 0.441156
2 0.343673 0.468329 0.367344 0.467217 0.364377 0.438654 0.340706 0.439766
4 0.377169 0.466756 0.400841 0.465644 0.397873 0.437081 0.374202 0.438193
6 0.410329 0.465199 0.434001 0.464087 0.431034 0.435524 0.407362 0.436636
8 0.441139 0.463752 0.464811 0.462640 0.461844 0.434077 0.438172 0.435189
3 0.473352 0.462239 0.497023 0.461127 0.494056 0.432564 0.470384 0.433676
10 0.505659 0.460722 0.529331 0.459610 0.526364 0.431047 0.502692 0.432159
12 0.540757 0.459074 0.564429 0.457962 0.561462 0.429399 0.537790 0.430510
1 0.297267 0.475106 0.578730 0.461245 0.574758 0.424777 0.293295 0.438639
0 0.209650 0.694612 0.789710 0.626091 0.650255 0.290914 0.140569 0.340862
