2 0.301914 0.413900 0.317938 0.413900 0.317938 0.387010 0.301914 0.387010
2 0.322736 0.411958 0.338720 0.410441 0.337288 0.383619 0.321304 0.385136
2 0.343251 0.410011 0.359235 0.408494 0.357803 0.381672 0.341820 0.383189
4 0.363724 0.408068 0.379708 0.406551 0.378276 0.379729 0.362292 0.381246
5 0.382102 0.406324 0.398086 0.404807 0.396654 0.377985 0.380670 0.379502
4 0.403205 0.404321 0.419188 0.402804 0.417756 0.375982 0.401773 0.377499
5 0.424456 0.402304 0.440440 0.400787 0.439008 0.373965 0.423024 0.375482
12 0.444161 0.400434 0.460144 0.398917 0.458712 0.372095 0.442729 0.373612
1 0.299619 0.421343 0.473406 0.404591 0.471580 0.361050 0.297002 0.369367
0 0.203174 0.672410 0.549155 0.672410 0.549155 0.225004 0.203174 0.225004
