2 0.383145 0.415482 0.408073 0.415482 0.408073 0.380883 0.383145 0.380883
2 0.418174 0.412808 0.443041 0.410879 0.440828 0.376366 0.415962 0.378294
2 0.451694 0.410208 0.476561 0.408279 0.474348 0.373766 0.449482 0.375694
4 0.485571 0.407580 0.510438 0.405651 0.508225 0.371138 0.483359 0.373067
5 0.518910 0.404994 0.543777 0.403065 0.541564 0.368552 0.516698 0.370481
4 0.550652 0.402532 0.575518 0.400603 0.573306 0.366090 0.548440 0.368018
5 0.585956 0.399793 0.610822 0.397864 0.608610 0.363351 0.583743 0.365280
12 0.620207 0.397136 0.645074 0.395208 0.642861 0.360694 0.617995 0.362623
1 0.364947 0.432504 0.652460 0.407524 0.650482 0.343264 0.361542 0.363029
0 0.212598 0.806452 0.824000 0.806452 0.824000 0.193548 0.212598 0.193548
