2 0.315712 0.460023 0.344587 0.460023 0.344587 0.409342 0.315712 0.409342
2 0.346734 0.459074 0.375602 0.458185 0.374724 0.407517 0.345856 0.408407
6 0.378991 0.458080 0.407858 0.457191 0.406980 0.406524 0.378113 0.407413
5 0.410837 0.457099 0.439704 0.456210 0.438826 0.405543 0.409959 0.406432
3 0.446091 0.456013 0.474958 0.455124 0.474080 0.404457 0.445213 0.405346
6 0.475391 0.455111 0.504258 0.454221 0.503380 0.403554 0.474513 0.404443
8 0.506745 0.454145 0.535612 0.453256 0.534734 0.402588 0.505867 0.403477
2 0.544048 0.452996 0.572915 0.452106 0.572037 0.401439 0.543170 0.402328
1 0.305807 0.472684 0.584241 0.458353 0.582738 0.381766 0.303719 0.391043
0 0.146739 0.922826 0.761413 0.913043 0.737772 0.123913 0.189130 0.096739
