2 0.290278 0.543000 0.331352 0.543000 0.331352 0.498679 0.290278 0.498679
2 0.354660 0.544808 0.392576 0.544808 0.392576 0.498050 0.354660 0.498050
3 0.418881 0.550948 0.453628 0.550948 0.453628 0.502930 0.418881 0.502930
5 0.474724 0.556872 0.511058 0.556872 0.511058 0.508787 0.474724 0.508787
2 0.532624 0.551639 0.578240 0.551639 0.578240 0.509762 0.532624 0.509762
6 0.589154 0.560427 0.633388 0.560427 0.633388 0.513805 0.589154 0.513805
5 0.647515 0.558930 0.682271 0.558930 0.682271 0.514400 0.647515 0.514400
9 0.693266 0.569734 0.731619 0.570739 0.733736 0.525268 0.695383 0.524264
0 0.021327 0.986966 0.983413 0.986966 0.983413 0.238151 0.021327 0.238151
1 0.258141 0.547846 0.757834 0.577571 0.764406 0.515428 0.264713 0.485703
