2 0.531874 0.329286 0.507134 0.329286 0.507134 0.385775 0.531874 0.385775
2 0.539088 0.386558 0.563761 0.388976 0.566866 0.332639 0.542193 0.330221
6 0.570781 0.389664 0.595455 0.392081 0.598560 0.335744 0.573886 0.333327
5 0.600793 0.392604 0.625466 0.395022 0.628571 0.338685 0.603898 0.336267
10 0.629173 0.395385 0.653846 0.397803 0.656952 0.341466 0.632278 0.339048
7 0.657758 0.398186 0.682431 0.400604 0.685536 0.344267 0.660863 0.341849
10 0.685946 0.400948 0.710620 0.403366 0.713725 0.347029 0.689051 0.344611
2 0.712592 0.403559 0.737266 0.405977 0.740371 0.349640 0.715697 0.347222
0 0.362629 0.873366 0.866178 0.873366 0.866178 0.012246 0.362629 0.012246
1 0.489483 0.388741 0.752356 0.416111 0.756691 0.342096 0.493818 0.314726
