2 0.420115 0.498027 0.398214 0.498027 0.398214 0.536297 0.420115 0.536297
2 0.441182 0.536140 0.463082 0.535976 0.462748 0.497707 0.440848 0.497871
7 0.479237 0.535855 0.501138 0.535691 0.500804 0.497422 0.478903 0.497586
7 0.517069 0.535572 0.538969 0.535408 0.538635 0.497139 0.516735 0.497303
7 0.553178 0.535301 0.575078 0.535138 0.574744 0.496869 0.552844 0.497033
11 0.587008 0.535048 0.608909 0.534884 0.608575 0.496615 0.586674 0.496779
11 0.618115 0.534815 0.640016 0.534651 0.639682 0.496383 0.617781 0.496547
7 0.653710 0.534549 0.675610 0.534385 0.675276 0.496116 0.653376 0.496280
1 0.381593 0.540434 0.692410 0.538447 0.692064 0.492017 0.381248 0.494003
0 0.082298 0.403879 0.427247 0.974824 0.985820 0.689351 0.672389 0.205994
