2 0.227243 0.515587 0.258688 0.515587 0.258688 0.491452 0.227243 0.491452
2 0.279390 0.511666 0.310699 0.509280 0.307964 0.485249 0.276654 0.487635
2 0.328322 0.507937 0.359631 0.505551 0.356896 0.481520 0.325586 0.483906
6 0.377300 0.504205 0.408609 0.501819 0.405874 0.477788 0.374564 0.480174
9 0.419719 0.500972 0.451029 0.498587 0.448293 0.474556 0.416983 0.476941
10 0.460909 0.497834 0.492218 0.495448 0.489482 0.471417 0.458173 0.473803
7 0.496019 0.495158 0.527328 0.492773 0.524592 0.468742 0.493283 0.471127
3 0.531879 0.492426 0.563189 0.490040 0.560453 0.466009 0.529144 0.468395
1 0.213628 0.522217 0.581885 0.494104 0.558545 0.455117 0.212655 0.476069
0 0.024744 0.764996 0.887043 0.695674 0.691637 0.305877 0.116223 0.358879
