2 0.351928 0.529267 0.380659 0.529267 0.380659 0.497010 0.351928 0.497010
2 0.390644 0.527781 0.419343 0.526666 0.417472 0.494445 0.388774 0.495560
3 0.421160 0.526595 0.449859 0.525480 0.447988 0.493259 0.419290 0.494374
4 0.457851 0.525169 0.486549 0.524054 0.484679 0.491834 0.455980 0.492949
3 0.493833 0.523771 0.522531 0.522656 0.520661 0.490436 0.491962 0.491551
9 0.527998 0.522444 0.556696 0.521329 0.554826 0.489108 0.526127 0.490223
4 0.562733 0.521094 0.591432 0.519979 0.589561 0.487758 0.560863 0.488874
9 0.603713 0.519502 0.632411 0.518387 0.630541 0.486166 0.601842 0.487281
1 0.335365 0.534412 0.649551 0.521793 0.647152 0.481826 0.332967 0.494445
0 0.192055 0.826387 0.834193 0.826387 0.834193 0.325037 0.192055 0.325037
