7 0.411383 0.362334 0.436124 0.355322 0.426720 0.296332 0.401979 0.303343
9 0.338571 0.321364 0.313833 0.328394 0.323262 0.387377 0.348000 0.380346
2 0.244231 0.348175 0.219493 0.355205 0.228922 0.414188 0.253660 0.407158
2 0.382159 0.308976 0.357421 0.316007 0.366850 0.374990 0.391588 0.367959
10 0.556647 0.259388 0.531909 0.266418 0.541338 0.325401 0.566076 0.318371
6 0.513243 0.271723 0.488505 0.278753 0.497934 0.337736 0.522672 0.330706
6 0.469769 0.284078 0.445031 0.291109 0.454459 0.350091 0.479198 0.343061
2 0.292753 0.334385 0.268015 0.341415 0.277444 0.400398 0.302182 0.393368
1 0.216512 0.432328 0.584165 0.331219 0.572137 0.246845 0.203438 0.341678
0 0.008468 0.998387 0.867339 0.998387 0.867339 0.006452 0.008468 0.006452
