3 0.572972 0.547923 0.595016 0.547923 0.595016 0.517662 0.572972 0.517662
7 0.565526 0.517402 0.543497 0.516662 0.542268 0.546902 0.564297 0.547642
10 0.536560 0.516429 0.514531 0.515689 0.513302 0.545929 0.535331 0.546669
9 0.505766 0.515394 0.483737 0.514655 0.482508 0.544895 0.504536 0.545635
6 0.469138 0.514164 0.447109 0.513424 0.445880 0.543665 0.467909 0.544405
2 0.436267 0.513060 0.414238 0.512320 0.413009 0.542561 0.435038 0.543301
2 0.401078 0.511878 0.379049 0.511138 0.377820 0.541379 0.399849 0.542119
2 0.364050 0.510635 0.342021 0.509895 0.340792 0.540135 0.362821 0.540875
1 0.333572 0.549723 0.601609 0.549723 0.601609 0.502444 0.333572 0.502444
0 0.319859 0.766094 0.777778 0.772986 0.697552 0.282189 0.096784 0.404506
