12 0.224694 0.487552 0.269188 0.487552 0.269188 0.386757 0.224694 0.386757
2 0.299816 0.485756 0.344302 0.484687 0.342807 0.383910 0.298321 0.384979
10 0.378039 0.483876 0.422525 0.482807 0.421030 0.382030 0.376544 0.383099
6 0.455783 0.482008 0.500269 0.480939 0.498774 0.380162 0.454288 0.381231
7 0.532496 0.480164 0.576982 0.479095 0.575487 0.378318 0.531001 0.379387
11 0.605331 0.478414 0.649817 0.477345 0.648322 0.376568 0.603835 0.377637
4 0.678224 0.476662 0.722710 0.475593 0.721215 0.374816 0.676728 0.375885
4 0.763387 0.474616 0.807873 0.473547 0.806378 0.372770 0.761892 0.373839
1 0.211662 0.502274 0.828031 0.502274 0.828031 0.361841 0.211662 0.361841
0 0.065932 0.998533 0.993930 0.887352 0.932943 0.000000 0.003297 0.111181
