2 0.297221 0.549823 0.343687 0.549823 0.343687 0.499893 0.297221 0.499893
2 0.359223 0.545114 0.405439 0.541504 0.398542 0.491843 0.352326 0.495453
5 0.424772 0.539994 0.470988 0.536384 0.464091 0.486722 0.417875 0.490333
5 0.483121 0.535436 0.529337 0.531825 0.522441 0.482164 0.476225 0.485774
11 0.542378 0.530807 0.588594 0.527196 0.581698 0.477535 0.535482 0.481145
2 0.597647 0.526489 0.643863 0.522879 0.636966 0.473217 0.590750 0.476828
5 0.656539 0.521888 0.702755 0.518278 0.695858 0.468617 0.649642 0.472227
8 0.713893 0.517408 0.760109 0.513798 0.753212 0.464136 0.706996 0.467747
1 0.284473 0.562934 0.779776 0.523437 0.781408 0.454209 0.279075 0.488381
0 0.002958 0.994323 1.000000 0.994323 1.000000 0.221890 0.002958 0.221890
