2 0.381153 0.548646 0.413089 0.548646 0.413089 0.505742 0.381153 0.505742
3 0.417412 0.549801 0.449325 0.550803 0.451337 0.507930 0.419424 0.506928
6 0.457950 0.551074 0.489863 0.552076 0.491874 0.509204 0.459962 0.508201
5 0.492706 0.552165 0.524619 0.553168 0.526631 0.510295 0.494718 0.509293
5 0.535092 0.553496 0.567004 0.554499 0.569016 0.511626 0.537104 0.510624
8 0.570089 0.554596 0.602001 0.555598 0.604013 0.512725 0.572101 0.511723
3 0.606420 0.555737 0.638333 0.556739 0.640345 0.513866 0.608432 0.512864
9 0.648533 0.557059 0.680446 0.558062 0.682458 0.515189 0.650545 0.514187
1 0.367262 0.564355 0.702061 0.564355 0.702061 0.499110 0.367262 0.499110
0 0.000000 0.877172 0.647585 0.970759 0.791062 0.290276 0.157049 0.203034
