2 0.255255 0.574547 0.297761 0.574547 0.297761 0.534214 0.255255 0.534214
2 0.302962 0.575508 0.345447 0.576355 0.347488 0.536043 0.305004 0.535196
8 0.349939 0.576445 0.392423 0.577292 0.394465 0.536979 0.351980 0.536132
5 0.402409 0.577491 0.444894 0.578338 0.446935 0.538025 0.404451 0.537178
4 0.500338 0.579443 0.542823 0.580290 0.544864 0.539977 0.502379 0.539130
10 0.553968 0.580512 0.596452 0.581359 0.598493 0.541047 0.556009 0.540200
2 0.608387 0.581597 0.650871 0.582444 0.652913 0.542131 0.610428 0.541284
1 0.237154 0.588032 0.668924 0.588032 0.668924 0.521231 0.237154 0.521231
0 0.029083 0.929260 0.946309 0.929260 0.946309 0.335171 0.029083 0.335171
3 0.448410 0.578408 0.490895 0.579255 0.492936 0.538942 0.450452 0.538095
