2 0.282832 0.420515 0.317201 0.420515 0.317201 0.381784 0.282832 0.381784
3 0.329014 0.419923 0.363378 0.419480 0.362490 0.380755 0.328127 0.381197
6 0.370847 0.419384 0.405211 0.418941 0.404324 0.380215 0.369960 0.380658
11 0.410847 0.418868 0.445211 0.418425 0.444323 0.379700 0.409959 0.380143
2 0.450381 0.418359 0.484745 0.417916 0.483858 0.379190 0.449494 0.379633
11 0.485204 0.417910 0.519568 0.417467 0.518680 0.378742 0.484316 0.379184
8 0.523760 0.417413 0.558124 0.416970 0.557237 0.378245 0.522873 0.378688
7 0.564816 0.416884 0.599180 0.416441 0.598293 0.377716 0.563929 0.378158
1 0.251959 0.433740 0.621994 0.433740 0.621994 0.373042 0.251959 0.373042
0 0.107296 0.716738 0.766810 0.681330 0.787605 0.201497 0.104637 0.201497
