2 0.257686 0.595944 0.297111 0.595944 0.297111 0.557600 0.257686 0.557600
2 0.307873 0.597444 0.347254 0.598605 0.350121 0.560303 0.310740 0.559142
8 0.362154 0.599044 0.401535 0.600204 0.404402 0.561902 0.365021 0.560742
5 0.416263 0.600638 0.455645 0.601799 0.458512 0.563497 0.419130 0.562336
3 0.468156 0.602168 0.507538 0.603328 0.510405 0.565026 0.471023 0.563866
4 0.522519 0.603770 0.561900 0.604930 0.564767 0.566628 0.525386 0.565468
9 0.574038 0.605288 0.613420 0.606448 0.616287 0.568147 0.576905 0.566986
11 0.633127 0.607029 0.672508 0.608190 0.675375 0.569888 0.635994 0.568727
1 0.234280 0.611457 0.694338 0.611457 0.694338 0.545948 0.234280 0.545948
0 0.001933 0.938628 0.964904 0.938628 0.964904 0.355224 0.001933 0.355224
