2 0.401865 0.427568 0.423056 0.427568 0.423056 0.399508 0.401865 0.399508
2 0.429180 0.428504 0.450356 0.429221 0.451503 0.401181 0.430326 0.400463
2 0.460117 0.429552 0.481294 0.430270 0.482440 0.402229 0.461264 0.401512
7 0.488327 0.430508 0.509503 0.431226 0.510650 0.403185 0.489474 0.402468
10 0.517304 0.431490 0.538481 0.432208 0.539627 0.404168 0.518451 0.403450
8 0.544865 0.432425 0.566042 0.433142 0.567188 0.405102 0.546012 0.404384
6 0.571656 0.433333 0.592833 0.434050 0.593980 0.406010 0.572803 0.405292
7 0.597430 0.434206 0.618606 0.434924 0.619753 0.406883 0.598576 0.406166
1 0.396085 0.439844 0.626107 0.439844 0.626107 0.390739 0.396085 0.390739
0 0.265815 0.682914 0.777294 0.682914 0.777294 0.216585 0.290614 0.207414
