2 0.404852 0.611513 0.438163 0.610920 0.437585 0.589135 0.403969 0.589201
2 0.446869 0.610454 0.480177 0.609823 0.478138 0.588055 0.444830 0.588687
8 0.491328 0.609611 0.524636 0.608979 0.522596 0.587212 0.489289 0.587844
5 0.530236 0.608873 0.563543 0.608241 0.561504 0.586474 0.528197 0.587106
3 0.574522 0.608033 0.607829 0.607401 0.605790 0.585634 0.572483 0.586265
8 0.623153 0.607110 0.656461 0.606478 0.654421 0.584711 0.621114 0.585343
8 0.667206 0.606274 0.700514 0.605642 0.698474 0.583875 0.665167 0.584507
12 0.716178 0.605345 0.749486 0.604713 0.747446 0.582946 0.714139 0.583578
0 0.025570 0.859702 0.999059 0.813676 0.989927 0.430673 0.018264 0.448755
1 0.384473 0.615081 0.770513 0.607649 0.767796 0.579069 0.381755 0.586501
