2 0.315119 0.635481 0.341093 0.635481 0.341093 0.610222 0.315119 0.610222
2 0.347892 0.632969 0.373747 0.630941 0.370801 0.605797 0.344946 0.607825
2 0.379204 0.630513 0.405059 0.628485 0.402113 0.603342 0.376258 0.605369
3 0.412342 0.627914 0.438197 0.625887 0.435251 0.600743 0.409396 0.602771
5 0.441562 0.625623 0.467417 0.623595 0.464471 0.598451 0.438616 0.600479
5 0.468746 0.623491 0.494601 0.621463 0.491655 0.596319 0.465800 0.598347
3 0.491989 0.621668 0.517845 0.619640 0.514898 0.594497 0.489043 0.596524
11 0.518169 0.619615 0.544024 0.617587 0.541078 0.592444 0.515223 0.594471
1 0.309728 0.644702 0.549865 0.629868 0.550355 0.581355 0.309728 0.596189
0 0.155503 0.844483 0.640626 0.867702 0.713494 0.478868 0.229357 0.448391
