2 0.462180 0.548679 0.471642 0.548679 0.471642 0.533924 0.462180 0.533924
2 0.475429 0.548345 0.484888 0.548105 0.484494 0.533355 0.475035 0.533595
2 0.488437 0.548015 0.497896 0.547775 0.497502 0.533025 0.488043 0.533265
3 0.502808 0.547651 0.512266 0.547411 0.511872 0.532661 0.502414 0.532901
3 0.516154 0.547312 0.525613 0.547072 0.525219 0.532322 0.515760 0.532562
10 0.527646 0.547021 0.537105 0.546781 0.536711 0.532031 0.527252 0.532271
9 0.538755 0.546739 0.548214 0.546499 0.547820 0.531749 0.538361 0.531989
11 0.551062 0.546427 0.560521 0.546187 0.560127 0.531437 0.550668 0.531677
1 0.456056 0.555155 0.566119 0.556277 0.566407 0.529484 0.456343 0.528363
0 0.411728 0.662253 0.618769 0.662253 0.618769 0.461376 0.411728 0.461376
