11 0.424378 0.430282 0.442477 0.424630 0.439149 0.371996 0.421050 0.377648
2 0.350182 0.450464 0.368323 0.445530 0.365418 0.392773 0.347277 0.397706
9 0.399040 0.437177 0.417182 0.432243 0.414276 0.379486 0.396135 0.384419
2 0.374650 0.443810 0.392792 0.438876 0.389886 0.386119 0.371745 0.391052
8 0.449936 0.423336 0.468078 0.418402 0.465172 0.365645 0.447031 0.370578
2 0.497597 0.410374 0.515738 0.405441 0.512833 0.352683 0.494692 0.357617
10 0.472816 0.417113 0.490958 0.412180 0.488053 0.359422 0.469911 0.364356
12 0.522927 0.403486 0.541069 0.398552 0.538163 0.345795 0.520022 0.350728
1 0.346133 0.467327 0.548797 0.400464 0.544471 0.319407 0.340717 0.382586
0 0.144286 0.992609 0.680274 0.992609 0.680274 0.001160 0.144286 0.001160
