2 0.308169 0.352515 0.352297 0.352515 0.352297 0.287741 0.308169 0.287741
2 0.359019 0.368477 0.401414 0.380682 0.419449 0.318452 0.377054 0.306247
6 0.417353 0.385271 0.459748 0.397475 0.477784 0.335245 0.435389 0.323041
7 0.473911 0.401552 0.516306 0.413757 0.534342 0.351527 0.491947 0.339322
5 0.532401 0.418390 0.574796 0.430594 0.592831 0.368364 0.550437 0.356160
8 0.582615 0.432845 0.625010 0.445050 0.643046 0.382820 0.600651 0.370616
9 0.631654 0.446963 0.674049 0.459167 0.692085 0.396937 0.649690 0.384733
6 0.685024 0.462326 0.727419 0.474531 0.745455 0.412301 0.703060 0.400097
0 0.020571 0.951663 0.984048 0.951663 0.984048 0.004883 0.020571 0.004883
1 0.260596 0.353404 0.749836 0.495126 0.778795 0.395831 0.289554 0.254109
