2 0.195034 0.518386 0.228472 0.518386 0.228472 0.483625 0.195034 0.483625
2 0.246186 0.518351 0.279624 0.518327 0.279581 0.483566 0.246143 0.483590
5 0.298596 0.518314 0.332034 0.518291 0.331991 0.483530 0.298553 0.483553
9 0.352779 0.518277 0.386217 0.518254 0.386174 0.483493 0.352736 0.483516
11 0.400102 0.518244 0.433540 0.518221 0.433497 0.483460 0.400059 0.483483
5 0.450745 0.518209 0.484183 0.518186 0.484140 0.483425 0.450702 0.483448
7 0.505257 0.518171 0.538695 0.518148 0.538652 0.483387 0.505214 0.483410
12 0.557264 0.518135 0.590702 0.518112 0.590660 0.483351 0.557222 0.483374
0 0.000000 0.900438 0.852324 0.900438 0.852324 0.249408 0.000000 0.249408
1 0.174329 0.530802 0.612708 0.530802 0.612708 0.458292 0.174329 0.458292
