2 0.291647 0.508122 0.327230 0.508122 0.327230 0.469697 0.291647 0.469697
2 0.341061 0.509272 0.376627 0.510093 0.378203 0.471686 0.342637 0.470865
2 0.390596 0.510415 0.426163 0.511236 0.427739 0.472830 0.392173 0.472009
6 0.437725 0.511503 0.473291 0.512324 0.474867 0.473918 0.439301 0.473097
9 0.485961 0.512617 0.521528 0.513438 0.523104 0.475031 0.487538 0.474210
10 0.531443 0.513667 0.567010 0.514488 0.568586 0.476081 0.533020 0.475260
7 0.573562 0.514639 0.609128 0.515460 0.610705 0.477054 0.575139 0.476232
3 0.616224 0.515624 0.651790 0.516445 0.653366 0.478038 0.617800 0.477217
1 0.278774 0.520347 0.662123 0.520347 0.662123 0.453106 0.278774 0.453106
0 0.095379 0.816903 0.872113 0.816903 0.872113 0.265399 0.095379 0.265399
