0 0.164951 0.913988 0.654207 0.913988 0.654207 0.011269 0.164951 0.011269
1 0.348468 0.448229 0.535455 0.429916 0.536240 0.337480 0.347879 0.352305
2 0.354503 0.428244 0.370622 0.428244 0.370622 0.377196 0.354503 0.377196
2 0.377910 0.425937 0.394013 0.424331 0.392984 0.373335 0.376881 0.374940
9 0.397705 0.423963 0.413808 0.422358 0.412779 0.371362 0.396676 0.372967
11 0.421261 0.421615 0.437364 0.420010 0.436335 0.369014 0.420232 0.370619
8 0.445649 0.419184 0.461752 0.417579 0.460723 0.366583 0.444620 0.368188
10 0.468021 0.416955 0.484124 0.415349 0.483095 0.364353 0.466992 0.365958
2 0.490769 0.414687 0.506872 0.413082 0.505843 0.362085 0.489740 0.363690
12 0.513815 0.412390 0.529917 0.410785 0.528888 0.359788 0.512785 0.361393
