2 0.373375 0.419851 0.397037 0.419851 0.397037 0.391090 0.373375 0.391090
2 0.407065 0.414411 0.430295 0.410476 0.424042 0.382240 0.400812 0.386175
2 0.438501 0.409086 0.461731 0.405151 0.455478 0.376915 0.432247 0.380850
7 0.469637 0.403812 0.492867 0.399877 0.486614 0.371641 0.463383 0.375576
10 0.503111 0.398141 0.526341 0.394206 0.520088 0.365970 0.496858 0.369905
8 0.534471 0.392829 0.557702 0.388894 0.551449 0.360658 0.528218 0.364593
6 0.563083 0.387982 0.586313 0.384047 0.580060 0.355811 0.556830 0.359746
5 0.590237 0.383383 0.613467 0.379447 0.607214 0.351211 0.583984 0.355146
1 0.365755 0.430374 0.622827 0.391791 0.612400 0.344089 0.362146 0.378112
0 0.236550 0.664465 0.784790 0.664465 0.784790 0.180923 0.236550 0.180923
