9 0.449933 0.321840 0.409880 0.321840 0.409880 0.398885 0.449933 0.398885
2 0.502317 0.321542 0.462264 0.321769 0.462512 0.398814 0.502564 0.398586
3 0.559724 0.321215 0.519671 0.321443 0.519919 0.398487 0.559971 0.398259
11 0.612694 0.320914 0.572642 0.321141 0.572889 0.398186 0.612942 0.397958
7 0.670106 0.320587 0.630054 0.320815 0.630301 0.397859 0.670353 0.397631
5 0.732032 0.320234 0.691979 0.320462 0.692226 0.397507 0.732279 0.397279
2 0.399940 0.322124 0.359887 0.322352 0.360134 0.399396 0.400187 0.399168
12 0.346562 0.322428 0.306509 0.322656 0.306756 0.399700 0.346809 0.399472
0 0.004006 0.989809 0.997330 0.989809 0.997330 0.004741 0.004006 0.004741
1 0.281532 0.421130 0.760474 0.397905 0.757535 0.290372 0.278593 0.313597
