2 0.378554 0.608028 0.415211 0.611716 0.414519 0.531486 0.382345 0.530037
2 0.431697 0.612092 0.468425 0.614175 0.470981 0.534012 0.434253 0.531929
7 0.484961 0.615113 0.521689 0.617195 0.524246 0.537032 0.487518 0.534950
8 0.536221 0.618019 0.572949 0.620102 0.575506 0.539939 0.538778 0.537856
7 0.585093 0.620790 0.621821 0.622873 0.624378 0.542710 0.587650 0.540627
10 0.634277 0.623579 0.671005 0.625662 0.673562 0.545499 0.636834 0.543416
6 0.688632 0.626661 0.725360 0.628744 0.727917 0.548581 0.691189 0.546498
8 0.741472 0.629657 0.778200 0.631740 0.780757 0.551577 0.744029 0.549495
1 0.365006 0.626646 0.793349 0.651734 0.797817 0.531878 0.371646 0.500610
0 0.008347 0.999758 0.998514 0.991365 0.993266 0.000000 0.005565 0.000000
