2 0.290884 0.576764 0.314081 0.576764 0.314081 0.548943 0.290884 0.548943
3 0.323820 0.580120 0.346895 0.582419 0.349834 0.554744 0.326759 0.552445
3 0.357622 0.583488 0.380697 0.585788 0.383636 0.558113 0.360561 0.555813
10 0.391115 0.586826 0.414190 0.589126 0.417129 0.561451 0.394054 0.559151
9 0.425224 0.590226 0.448300 0.592525 0.451239 0.564850 0.428163 0.562551
11 0.460030 0.593694 0.483106 0.595994 0.486045 0.568319 0.462969 0.566019
3 0.490068 0.596688 0.513143 0.598987 0.516082 0.571312 0.493007 0.569013
9 0.524491 0.600118 0.547566 0.602418 0.550505 0.574743 0.527430 0.572443
1 0.278733 0.582828 0.550839 0.611006 0.555257 0.566064 0.294198 0.536102
0 0.537674 0.807105 0.771686 0.410310 0.404524 0.281531 0.199068 0.626906
