2 0.373761 0.458128 0.395569 0.458128 0.395569 0.421868 0.373761 0.421868
2 0.407502 0.460707 0.429310 0.460707 0.429310 0.424447 0.407502 0.424447
0 0.227927 0.964145 0.977920 0.652920 0.724550 0.055460 0.020384 0.328492
5 0.441484 0.456591 0.463292 0.456591 0.463292 0.420332 0.441484 0.420332
7 0.477042 0.454290 0.498850 0.454290 0.498850 0.418030 0.477042 0.418030
6 0.508360 0.449896 0.530168 0.449896 0.530168 0.413636 0.508360 0.413636
3 0.540284 0.448989 0.562091 0.448989 0.562091 0.412729 0.540284 0.412729
12 0.610371 0.434833 0.632179 0.434833 0.632179 0.398573 0.610371 0.398573
5 0.576871 0.441596 0.598679 0.441596 0.598679 0.405337 0.576871 0.405337
1 0.359133 0.473195 0.651397 0.443633 0.647342 0.390518 0.355079 0.420081
