0 0.007839 0.982456 0.905124 0.982456 0.905124 0.005226 0.007839 0.005226
1 0.333416 0.454384 0.663549 0.454384 0.663549 0.360962 0.333416 0.360962
12 0.352341 0.438139 0.382576 0.438139 0.382576 0.381706 0.352341 0.381706
3 0.393057 0.438970 0.422385 0.438970 0.422385 0.383609 0.393057 0.383609
2 0.434900 0.438717 0.459749 0.438717 0.459749 0.384482 0.434900 0.384482
2 0.467155 0.438886 0.495711 0.438886 0.495711 0.383736 0.467155 0.383736
10 0.505789 0.433744 0.533934 0.433744 0.533934 0.382947 0.505789 0.382947
9 0.544485 0.432251 0.571668 0.432251 0.571668 0.379130 0.544485 0.379130
2 0.582031 0.437887 0.610862 0.437887 0.610862 0.380540 0.582031 0.380540
3 0.620515 0.440842 0.649496 0.440842 0.649496 0.395071 0.620515 0.395071
