2 0.048964 0.867314 0.098682 0.867314 0.098682 0.783050 0.048964 0.783050
2 0.121722 0.867260 0.171440 0.867224 0.171329 0.782960 0.121611 0.782996
12 0.202949 0.867200 0.252667 0.867164 0.252556 0.782900 0.202838 0.782936
7 0.284799 0.867140 0.334517 0.867103 0.334406 0.782839 0.284688 0.782876
2 0.357931 0.867086 0.407649 0.867049 0.407538 0.782785 0.357820 0.782822
11 0.440729 0.867025 0.490447 0.866988 0.490336 0.782724 0.440618 0.782761
2 0.517560 0.866968 0.567278 0.866932 0.567167 0.782668 0.517450 0.782704
12 0.601185 0.866907 0.650903 0.866870 0.650793 0.782606 0.601075 0.782643
1 0.027342 0.902254 0.716384 0.902254 0.716384 0.733333 0.027342 0.733333
0 0.009792 0.998870 0.986064 0.998870 0.986064 0.424859 0.009792 0.424859
