2 0.347469 0.437628 0.363373 0.441283 0.368502 0.415187 0.352597 0.411531
3 0.370775 0.440660 0.386922 0.442722 0.389815 0.416227 0.373668 0.414165
2 0.393329 0.443540 0.409476 0.445602 0.412369 0.419107 0.396222 0.417045
9 0.417439 0.446619 0.433586 0.448681 0.436479 0.422186 0.420332 0.420124
6 0.440294 0.449537 0.456441 0.451599 0.459333 0.425104 0.443186 0.423042
4 0.463723 0.452529 0.479870 0.454590 0.482763 0.428096 0.466616 0.426034
5 0.490684 0.455971 0.506831 0.458033 0.509723 0.431538 0.493576 0.429476
5 0.513781 0.458921 0.529928 0.460982 0.532820 0.434487 0.516673 0.432426
1 0.340446 0.442061 0.534947 0.471399 0.542538 0.425267 0.346304 0.398912
0 0.211470 0.713769 0.654023 0.717458 0.654023 0.272271 0.230230 0.272271
