2 0.264527 0.482011 0.303725 0.476783 0.295308 0.432144 0.256111 0.435568
2 0.322480 0.474727 0.361870 0.470389 0.353138 0.425784 0.313747 0.430122
5 0.383156 0.468045 0.422547 0.463707 0.413814 0.419102 0.374423 0.423440
5 0.439829 0.461804 0.479220 0.457466 0.470487 0.412861 0.431096 0.417199
11 0.497832 0.455416 0.537223 0.451078 0.528490 0.406473 0.489099 0.410811
2 0.554236 0.449204 0.593626 0.444866 0.584893 0.400261 0.545503 0.404599
5 0.609792 0.443086 0.649183 0.438748 0.640450 0.394143 0.601059 0.398481
8 0.665030 0.437003 0.704421 0.432665 0.695688 0.388060 0.656297 0.392398
1 0.243485 0.492382 0.724444 0.449997 0.712420 0.380108 0.234467 0.417983
0 0.000000 0.907023 0.994159 0.907023 0.994159 0.170930 0.000000 0.170930
