2 0.292836 0.457207 0.342185 0.457207 0.342185 0.396247 0.292836 0.396247
2 0.360771 0.459570 0.410068 0.461261 0.413867 0.400366 0.364571 0.398675
5 0.430751 0.461970 0.480048 0.463661 0.483847 0.402766 0.434551 0.401075
6 0.496517 0.464226 0.545814 0.465917 0.549613 0.405021 0.500317 0.403331
8 0.563417 0.466521 0.612713 0.468211 0.616513 0.407316 0.567216 0.405625
3 0.631564 0.468858 0.680860 0.470549 0.684660 0.409653 0.635363 0.407963
9 0.694395 0.471013 0.743691 0.472704 0.747491 0.411808 0.698194 0.410118
8 0.759828 0.473257 0.809125 0.474948 0.812924 0.414053 0.763628 0.412362
0 0.005992 0.973800 0.996064 0.973800 0.996064 0.116225 0.005992 0.116225
1 0.257469 0.459763 0.840057 0.480368 0.844571 0.410209 0.261982 0.389604
