2 0.413122 0.501425 0.432768 0.501425 0.432768 0.476644 0.413122 0.476644
3 0.438702 0.504612 0.458188 0.506963 0.461548 0.482384 0.442062 0.480033
6 0.464261 0.507695 0.483747 0.510046 0.487108 0.485467 0.467622 0.483116
11 0.489367 0.510724 0.508853 0.513074 0.512213 0.488495 0.492727 0.486145
2 0.516219 0.513963 0.535705 0.516313 0.539065 0.491734 0.519579 0.489384
11 0.541983 0.517071 0.561469 0.519421 0.564829 0.494842 0.545343 0.492491
8 0.569091 0.520341 0.588577 0.522691 0.591937 0.498112 0.572451 0.495761
7 0.597749 0.523797 0.617235 0.526148 0.620595 0.501569 0.601109 0.499218
1 0.399446 0.511187 0.632592 0.538333 0.635841 0.487474 0.401334 0.466099
0 0.288508 0.721261 0.754205 0.737746 0.754205 0.348651 0.284806 0.348686
