0 0.003397 0.883971 0.972453 0.883971 0.972453 0.220798 0.003397 0.220798
1 0.318567 0.516771 0.697654 0.516771 0.697654 0.463042 0.318567 0.463042
2 0.329827 0.508651 0.360533 0.508651 0.360533 0.476038 0.329827 0.476038
2 0.374120 0.508213 0.404823 0.507909 0.404249 0.475299 0.373545 0.475603
7 0.420752 0.507751 0.451455 0.507447 0.450881 0.474837 0.420178 0.475141
3 0.464503 0.507318 0.495206 0.507013 0.494631 0.474403 0.463928 0.474708
2 0.510789 0.506859 0.541492 0.506555 0.540918 0.473945 0.510214 0.474249
10 0.552190 0.506449 0.582893 0.506144 0.582319 0.473534 0.551615 0.473839
4 0.597763 0.505997 0.628466 0.505693 0.627891 0.473083 0.597188 0.473387
12 0.648503 0.505494 0.679206 0.505190 0.678631 0.472580 0.647928 0.472884
