2 0.171428 0.333239 0.208769 0.333239 0.208769 0.259689 0.171428 0.259689
2 0.223790 0.332599 0.261128 0.332141 0.260225 0.258597 0.222887 0.259055
3 0.272431 0.332003 0.309770 0.331544 0.308867 0.258000 0.271529 0.258458
6 0.315472 0.331474 0.352811 0.331016 0.351908 0.257472 0.314570 0.257930
8 0.360259 0.330925 0.397597 0.330467 0.396695 0.256922 0.359356 0.257380
7 0.403236 0.330398 0.440575 0.329939 0.439672 0.256395 0.402334 0.256853
8 0.453625 0.329779 0.490963 0.329321 0.490061 0.255777 0.452723 0.256235
12 0.503992 0.329161 0.541330 0.328703 0.540428 0.255159 0.503089 0.255617
1 0.145403 0.361528 0.564073 0.361528 0.564073 0.197454 0.145403 0.197454
0 0.022065 0.777935 0.703253 0.777935 0.703253 0.046959 0.022065 0.046959
