2 0.424331 0.447443 0.444575 0.447443 0.444575 0.420981 0.424331 0.420981
2 0.451610 0.447546 0.471854 0.447623 0.471956 0.421161 0.451712 0.421084
5 0.479155 0.447650 0.499398 0.447727 0.499500 0.421265 0.479257 0.421188
10 0.506485 0.447753 0.526729 0.447830 0.526831 0.421368 0.506587 0.421292
2 0.533011 0.447854 0.553255 0.447930 0.553357 0.421468 0.533113 0.421392
3 0.560944 0.447959 0.581188 0.448036 0.581289 0.421574 0.561046 0.421497
6 0.588279 0.448062 0.608523 0.448139 0.608625 0.421677 0.588381 0.421601
10 0.618428 0.448176 0.638672 0.448253 0.638774 0.421791 0.618530 0.421715
1 0.416233 0.457867 0.641355 0.457867 0.641355 0.410557 0.416233 0.410557
0 0.108314 0.445145 0.355202 0.853292 0.883123 0.555862 0.633362 0.146291
