2 0.248054 0.299910 0.270507 0.299910 0.270507 0.277369 0.248054 0.277369
3 0.275609 0.301032 0.298030 0.301932 0.299636 0.279424 0.277216 0.278524
6 0.303601 0.302156 0.326022 0.303056 0.327628 0.280547 0.305207 0.279647
11 0.329262 0.303186 0.351683 0.304086 0.353290 0.281578 0.330869 0.280677
2 0.356304 0.304272 0.378725 0.305172 0.380331 0.282663 0.357911 0.281763
11 0.382042 0.305305 0.404463 0.306205 0.406069 0.283696 0.383648 0.282796
8 0.411666 0.306494 0.434087 0.307394 0.435693 0.284886 0.413272 0.283986
7 0.440766 0.307663 0.463186 0.308563 0.464793 0.286054 0.442372 0.285154
1 0.238254 0.315476 0.477469 0.315476 0.477469 0.269092 0.238254 0.269092
0 0.121552 0.498161 0.585320 0.498161 0.585320 0.152875 0.121552 0.152875
