2 0.249815 0.538402 0.289473 0.538402 0.289473 0.482311 0.249815 0.482311
3 0.305150 0.534811 0.344706 0.532193 0.340360 0.476245 0.300804 0.478864
2 0.349083 0.531903 0.388640 0.529285 0.384293 0.473337 0.344737 0.475956
9 0.399553 0.528562 0.439110 0.525944 0.434764 0.469997 0.395207 0.472615
6 0.444083 0.525615 0.483639 0.522996 0.479293 0.467049 0.439737 0.469667
4 0.490167 0.522564 0.529724 0.519946 0.525377 0.463998 0.485821 0.466617
5 0.536467 0.519499 0.576024 0.516881 0.571677 0.460934 0.532121 0.463552
5 0.584383 0.516328 0.623939 0.513709 0.619593 0.457762 0.580036 0.460380
1 0.232643 0.542067 0.645176 0.519240 0.644742 0.429544 0.227645 0.452274
0 0.031289 0.985304 0.865355 0.985304 0.865355 0.215434 0.031289 0.215434
