2 0.348958 0.439998 0.372136 0.439998 0.372136 0.400949 0.348958 0.400949
2 0.384227 0.438734 0.407392 0.437897 0.406190 0.398870 0.383025 0.399707
9 0.416845 0.437556 0.440010 0.436719 0.438808 0.397692 0.415643 0.398529
9 0.449118 0.436390 0.472284 0.435553 0.471081 0.396525 0.447916 0.397363
9 0.482282 0.435192 0.505447 0.434355 0.504245 0.395327 0.481080 0.396164
7 0.517568 0.433917 0.540733 0.433080 0.539531 0.394052 0.516366 0.394889
6 0.552382 0.432659 0.575547 0.431822 0.574345 0.392794 0.551180 0.393631
12 0.589729 0.431309 0.612894 0.430472 0.611692 0.391445 0.588527 0.392282
1 0.339944 0.446971 0.625807 0.439998 0.625807 0.383516 0.339944 0.383516
0 0.182599 0.757222 0.780873 0.805049 0.811953 0.252454 0.185189 0.200420
