2 0.252684 0.515466 0.293558 0.515466 0.293558 0.471597 0.252684 0.471597
2 0.313175 0.513442 0.354008 0.512061 0.351373 0.468237 0.310540 0.469618
2 0.372742 0.511428 0.413575 0.510047 0.410940 0.466222 0.370107 0.467603
10 0.430217 0.509484 0.471049 0.508103 0.468414 0.464278 0.427582 0.465659
8 0.490814 0.507434 0.531646 0.506053 0.529011 0.462229 0.488179 0.463610
6 0.548724 0.505476 0.589557 0.504095 0.586922 0.460270 0.546089 0.461651
7 0.593213 0.503971 0.634046 0.502590 0.631411 0.458766 0.590578 0.460147
6 0.651208 0.502010 0.692041 0.500629 0.689406 0.456804 0.648573 0.458185
1 0.241586 0.524138 0.704153 0.519631 0.707428 0.448984 0.242494 0.454412
0 0.012543 0.922952 0.964338 0.922952 0.964338 0.192987 0.012543 0.192987
