2 0.311163 0.593079 0.327367 0.593079 0.327367 0.573787 0.311163 0.573787
6 0.360421 0.594376 0.376615 0.594800 0.377513 0.575520 0.361319 0.575095
11 0.403677 0.595509 0.419871 0.595933 0.420769 0.576653 0.404575 0.576229
7 0.428371 0.596156 0.444565 0.596580 0.445463 0.577300 0.429269 0.576876
2 0.449627 0.596713 0.465821 0.597137 0.466719 0.577857 0.450525 0.577433
11 0.474335 0.597361 0.490529 0.597785 0.491427 0.578505 0.475233 0.578080
2 0.335026 0.593710 0.351221 0.594135 0.352119 0.574854 0.335925 0.574430
4 0.381552 0.594929 0.397746 0.595354 0.398645 0.576073 0.382451 0.575649
1 0.302583 0.599086 0.499472 0.606803 0.500291 0.574559 0.304025 0.568142
0 0.199598 0.768797 0.592158 0.768797 0.592158 0.480677 0.199598 0.480677
