2 0.384338 0.508943 0.393808 0.508943 0.393808 0.488248 0.384338 0.488248
2 0.399958 0.508555 0.409426 0.508319 0.409136 0.487627 0.399667 0.487863
6 0.414654 0.508188 0.424123 0.507952 0.423832 0.487260 0.414364 0.487497
4 0.428274 0.507848 0.437743 0.507612 0.437452 0.486920 0.427984 0.487157
11 0.443219 0.507475 0.452687 0.507239 0.452397 0.486547 0.442929 0.486784
7 0.457931 0.507108 0.467399 0.506871 0.467109 0.486180 0.457640 0.486416
2 0.472087 0.506754 0.481555 0.506518 0.481265 0.485826 0.471796 0.486063
11 0.486935 0.506384 0.496403 0.506147 0.496113 0.485456 0.486644 0.485692
1 0.377761 0.512450 0.502717 0.512450 0.502717 0.477726 0.377761 0.477726
0 0.315420 0.698971 0.565589 0.698971 0.565589 0.392493 0.315420 0.392493
