2 0.169826 0.642962 0.228278 0.642962 0.228278 0.585308 0.169826 0.585308
3 0.250395 0.658768 0.304107 0.658768 0.304107 0.591949 0.250395 0.591949
5 0.335964 0.663507 0.392575 0.663507 0.392575 0.593603 0.335964 0.593603
9 0.420425 0.651268 0.485485 0.651268 0.485485 0.590048 0.420425 0.590048
11 0.506468 0.661549 0.565394 0.661549 0.565394 0.594786 0.506468 0.594786
6 0.594935 0.670533 0.653749 0.670533 0.653749 0.603827 0.594935 0.603827
8 0.679546 0.675615 0.737201 0.675615 0.737201 0.608483 0.679546 0.608483
0 0.007109 0.982228 0.986571 0.982228 0.986571 0.136256 0.007109 0.136256
8 0.772285 0.682077 0.833881 0.682077 0.833881 0.619556 0.772285 0.619556
1 0.122839 0.657380 0.872972 0.696087 0.881272 0.605600 0.131139 0.566893
