2 0.356842 0.446339 0.383790 0.446339 0.383790 0.394178 0.356842 0.394178
2 0.393882 0.446705 0.420829 0.446971 0.421124 0.394812 0.394177 0.394546
6 0.429165 0.447053 0.456113 0.447319 0.456408 0.395160 0.429461 0.394894
7 0.464923 0.447406 0.491870 0.447672 0.492165 0.395513 0.465218 0.395247
5 0.500444 0.447757 0.527391 0.448023 0.527686 0.395863 0.500739 0.395597
8 0.532392 0.448072 0.559340 0.448338 0.559635 0.396178 0.532688 0.395912
9 0.560295 0.448347 0.587242 0.448613 0.587538 0.396454 0.560590 0.396188
1 0.352936 0.460906 0.623447 0.454450 0.624335 0.384089 0.352591 0.389111
0 0.219876 0.862537 0.768298 0.862537 0.768298 0.135212 0.219876 0.135212
12 0.589649 0.448637 0.616596 0.448903 0.616891 0.396743 0.589944 0.396477
