2 0.557509 0.521723 0.595903 0.521723 0.595903 0.454534 0.557509 0.454534
2 0.611487 0.513022 0.649586 0.506698 0.643361 0.440024 0.605261 0.446348
2 0.662490 0.504556 0.700590 0.498232 0.694365 0.431558 0.656265 0.437882
6 0.716999 0.495508 0.755099 0.489184 0.748873 0.422510 0.710774 0.428834
5 0.767304 0.487158 0.805403 0.480834 0.799178 0.414160 0.761078 0.420484
10 0.815413 0.479173 0.853513 0.472849 0.847287 0.406174 0.809188 0.412498
7 0.856526 0.472348 0.894626 0.466024 0.888401 0.399350 0.850301 0.405674
3 0.904939 0.464312 0.943038 0.457988 0.936813 0.391314 0.898713 0.397638
1 0.535424 0.536520 0.967191 0.462479 0.959350 0.381198 0.527583 0.455239
0 0.991036 0.062208 0.426338 0.077224 0.344288 0.930973 0.989427 0.954569
