12 0.453089 0.503919 0.464850 0.503919 0.464850 0.489567 0.453089 0.489567
3 0.467792 0.505037 0.479520 0.505913 0.480589 0.491600 0.468860 0.490725
3 0.482990 0.506172 0.494719 0.507047 0.495787 0.492735 0.484059 0.491860
10 0.498717 0.507346 0.510445 0.508222 0.511514 0.493910 0.499785 0.493034
9 0.514506 0.508525 0.526235 0.509401 0.527303 0.495089 0.515575 0.494213
10 0.530369 0.509709 0.542097 0.510585 0.543166 0.496273 0.531437 0.495397
3 0.544581 0.510771 0.556309 0.511646 0.557378 0.497334 0.545650 0.496458
9 0.560340 0.511947 0.572069 0.512823 0.573137 0.498511 0.561409 0.497635
1 0.447508 0.508504 0.576079 0.521262 0.577075 0.492956 0.452292 0.481993
0 0.569892 0.708674 0.716905 0.489789 0.440429 0.300811 0.285447 0.506540
