2 0.343602 0.426366 0.379937 0.426366 0.379937 0.386344 0.343602 0.386344
2 0.393693 0.427600 0.430009 0.428487 0.431746 0.388486 0.395430 0.387599
3 0.447460 0.428913 0.483776 0.429800 0.485513 0.389800 0.449197 0.388913
9 0.499011 0.430173 0.535327 0.431060 0.537064 0.391059 0.500748 0.390172
3 0.554203 0.431521 0.590518 0.432408 0.592255 0.392407 0.555940 0.391520
3 0.610409 0.432894 0.646725 0.433781 0.648462 0.393780 0.612146 0.392893
3 0.664243 0.434209 0.700559 0.435096 0.702296 0.395095 0.665980 0.394208
5 0.718753 0.435540 0.755069 0.436427 0.756806 0.396426 0.720490 0.395539
0 0.050410 0.811211 0.996137 0.858059 0.996528 0.126302 0.120545 0.121641
1 0.316852 0.429543 0.779680 0.441161 0.781848 0.392584 0.319020 0.380967
