2 0.301498 0.483147 0.337079 0.483147 0.337079 0.435393 0.301498 0.435393
2 0.359301 0.482178 0.394873 0.481578 0.393442 0.433836 0.357870 0.434436
9 0.416321 0.481216 0.451893 0.480616 0.450461 0.432874 0.414889 0.433474
2 0.476321 0.480204 0.511893 0.479604 0.510461 0.431862 0.474889 0.432462
7 0.531557 0.479272 0.567129 0.478672 0.565697 0.430930 0.530125 0.431530
6 0.583113 0.478402 0.618685 0.477802 0.617253 0.430060 0.581681 0.430660
6 0.642361 0.477403 0.677933 0.476803 0.676501 0.429061 0.640929 0.429661
10 0.700303 0.476425 0.735875 0.475825 0.734443 0.428083 0.698871 0.428683
1 0.291589 0.496416 0.770189 0.482591 0.770150 0.406259 0.289721 0.415533
0 0.005619 0.925562 0.986892 0.925562 0.986892 0.147472 0.005619 0.147472
