0 0.105904 0.745352 0.672929 0.745352 0.672929 0.328940 0.105904 0.328940
1 0.252879 0.515985 0.525700 0.508098 0.524352 0.469616 0.251949 0.475892
2 0.260560 0.510493 0.286687 0.510493 0.286687 0.484953 0.260560 0.484953
2 0.294842 0.509551 0.320951 0.508826 0.319692 0.483304 0.293583 0.484028
5 0.326635 0.508669 0.352744 0.507945 0.351485 0.482422 0.325376 0.483146
9 0.360967 0.507716 0.387076 0.506992 0.385817 0.481470 0.359708 0.482194
11 0.395097 0.506770 0.421206 0.506045 0.419948 0.480523 0.393839 0.481247
6 0.426947 0.505886 0.453056 0.505162 0.451798 0.479639 0.425688 0.480364
9 0.460229 0.504963 0.486338 0.504239 0.485079 0.478716 0.458970 0.479440
3 0.491826 0.504086 0.517935 0.503362 0.516677 0.477840 0.490567 0.478564
