0 0.003025 0.991452 0.991547 0.991452 0.991547 0.192307 0.003025 0.192307
2 0.210829 0.519498 0.256051 0.519498 0.256051 0.465282 0.210829 0.465282
2 0.276747 0.518381 0.321958 0.517611 0.320315 0.463409 0.275105 0.464179
9 0.340536 0.517294 0.385746 0.516523 0.384103 0.462321 0.338893 0.463092
9 0.403877 0.516214 0.449088 0.515443 0.447445 0.461241 0.402235 0.462012
9 0.473387 0.515029 0.518597 0.514258 0.516955 0.460056 0.471744 0.460827
7 0.531179 0.514044 0.576389 0.513273 0.574747 0.459071 0.529536 0.459842
6 0.599633 0.512877 0.644843 0.512106 0.643201 0.457904 0.597990 0.458675
6 0.666256 0.511741 0.711467 0.510971 0.709824 0.456769 0.664614 0.457539
1 0.194847 0.523215 0.730348 0.523215 0.730348 0.441813 0.194847 0.441813
