2 0.317540 0.479120 0.347686 0.474535 0.342996 0.450235 0.314190 0.451152
2 0.354871 0.476819 0.385340 0.474941 0.381661 0.446992 0.351192 0.448870
4 0.386335 0.474879 0.416804 0.473001 0.413125 0.445052 0.382656 0.446931
6 0.419264 0.472849 0.449733 0.470971 0.446054 0.443022 0.415585 0.444901
8 0.453654 0.469930 0.474341 0.468655 0.470662 0.440706 0.449975 0.441982
3 0.479236 0.469152 0.509705 0.467274 0.506026 0.439325 0.475557 0.441203
10 0.511384 0.467170 0.541853 0.465292 0.538175 0.437343 0.507706 0.439221
12 0.545917 0.465041 0.576386 0.463163 0.572707 0.435214 0.542238 0.437092
0 0.183955 0.688830 0.730520 0.676383 0.726445 0.309533 0.159349 0.338401
1 0.302606 0.484769 0.592715 0.467246 0.587896 0.429874 0.297787 0.447396
