2 0.279268 0.358296 0.322178 0.358296 0.322178 0.307280 0.279268 0.307280
2 0.339995 0.357753 0.382902 0.357368 0.382087 0.306356 0.339180 0.306741
3 0.404236 0.357177 0.447143 0.356792 0.446327 0.305780 0.403421 0.306164
9 0.459981 0.356677 0.502888 0.356292 0.502072 0.305279 0.459166 0.305664
10 0.522029 0.356120 0.564936 0.355735 0.564121 0.304723 0.521214 0.305108
10 0.578172 0.355616 0.621079 0.355232 0.620264 0.304219 0.577357 0.304604
11 0.637730 0.355082 0.680637 0.354697 0.679822 0.303685 0.636915 0.304070
8 0.693921 0.354578 0.736828 0.354193 0.736013 0.303181 0.693106 0.303566
0 0.005334 0.816430 0.982580 0.816430 0.982580 0.060814 0.005334 0.060814
1 0.252361 0.376457 0.759361 0.376457 0.759361 0.287211 0.252361 0.287211
