2 0.334890 0.416013 0.383253 0.416013 0.383253 0.366938 0.334890 0.366938
3 0.398989 0.417553 0.447334 0.418707 0.448917 0.369650 0.400573 0.368496
4 0.454148 0.418869 0.502492 0.420023 0.504076 0.370967 0.455732 0.369813
7 0.510429 0.420213 0.558773 0.421367 0.560357 0.372311 0.512013 0.371157
8 0.567279 0.421570 0.615623 0.422724 0.617207 0.373668 0.568862 0.372514
11 0.622993 0.422900 0.671337 0.424054 0.672921 0.374998 0.624577 0.373844
2 0.677543 0.424202 0.725887 0.425356 0.727471 0.376300 0.679127 0.375146
9 0.734736 0.425567 0.783081 0.426721 0.784664 0.377665 0.736320 0.376511
0 0.075452 0.954866 0.998914 0.935120 0.920182 0.062059 0.051391 0.055026
1 0.306076 0.420797 0.809873 0.433261 0.811922 0.372047 0.308125 0.359583
