2 0.208678 0.268618 0.259965 0.268618 0.259965 0.228308 0.208678 0.228308
3 0.279728 0.266549 0.330944 0.265037 0.327189 0.224783 0.275973 0.226294
6 0.353860 0.264361 0.405077 0.262849 0.401322 0.222595 0.350105 0.224106
11 0.422828 0.262325 0.474044 0.260814 0.470289 0.220559 0.419073 0.222071
2 0.492432 0.260271 0.543649 0.258760 0.539894 0.218505 0.488677 0.220016
11 0.566346 0.258090 0.617563 0.256578 0.613808 0.216323 0.562591 0.217835
7 0.638350 0.255965 0.689566 0.254453 0.685811 0.214198 0.634595 0.215710
10 0.716553 0.253657 0.767770 0.252145 0.764015 0.211890 0.712798 0.213402
1 0.185596 0.279448 0.790188 0.264158 0.790390 0.203075 0.184658 0.216704
0 0.000000 0.645609 0.995650 0.645609 0.995650 0.012984 0.000000 0.012984
