2 0.316492 0.552188 0.343456 0.552188 0.343456 0.513179 0.316492 0.513179
2 0.355693 0.551925 0.382656 0.551743 0.382302 0.512736 0.355339 0.512917
5 0.394034 0.551667 0.420997 0.551485 0.420643 0.512477 0.393680 0.512659
5 0.431598 0.551414 0.458562 0.551232 0.458208 0.512225 0.431244 0.512406
11 0.464061 0.551195 0.491024 0.551014 0.490670 0.512006 0.463707 0.512188
2 0.502015 0.550940 0.528978 0.550759 0.528624 0.511751 0.501661 0.511932
5 0.536564 0.550708 0.563527 0.550526 0.563173 0.511518 0.536210 0.511700
8 0.575178 0.550448 0.602141 0.550266 0.601787 0.511258 0.574824 0.511440
1 0.308636 0.555795 0.611785 0.555795 0.611785 0.502130 0.308636 0.502130
0 0.119109 0.844403 0.768309 0.844403 0.768309 0.325811 0.119109 0.325811
