2 0.240735 0.567999 0.285073 0.567999 0.285073 0.515159 0.240735 0.515159
3 0.291856 0.564884 0.336084 0.562133 0.331864 0.509424 0.287636 0.512175
2 0.337286 0.562058 0.381514 0.559306 0.377294 0.506597 0.333066 0.509349
9 0.386584 0.558991 0.430812 0.556239 0.426592 0.503530 0.382364 0.506282
6 0.430915 0.556233 0.475143 0.553481 0.470923 0.500772 0.426695 0.503524
4 0.475384 0.553466 0.519612 0.550714 0.515392 0.498005 0.471164 0.500757
5 0.518968 0.550754 0.563196 0.548003 0.558976 0.495294 0.514748 0.498045
5 0.569949 0.547583 0.614177 0.544831 0.609957 0.492122 0.565729 0.494874
1 0.223055 0.576809 0.631915 0.560655 0.632808 0.481370 0.227557 0.491621
0 0.029458 0.992905 0.835041 0.992905 0.835041 0.262407 0.029458 0.262407
