2 0.257467 0.509520 0.296782 0.509096 0.301729 0.431344 0.263702 0.432715
2 0.323298 0.515656 0.362493 0.519060 0.368069 0.441359 0.328874 0.437956
10 0.387692 0.521248 0.426887 0.524652 0.432463 0.446952 0.393268 0.443548
6 0.456636 0.527236 0.495831 0.530639 0.501408 0.452939 0.462213 0.449535
7 0.522422 0.532949 0.561617 0.536352 0.567193 0.458652 0.527998 0.455248
11 0.582439 0.538161 0.621634 0.541565 0.627211 0.463864 0.588016 0.460460
4 0.649813 0.544012 0.689008 0.547415 0.694585 0.469715 0.655390 0.466311
4 0.713726 0.549562 0.752921 0.552966 0.758497 0.475265 0.719302 0.471862
1 0.250756 0.526040 0.770139 0.567719 0.774273 0.462203 0.250450 0.418489
0 0.134105 0.801301 0.865123 0.801301 0.865123 0.199900 0.134105 0.199900
