2 0.312986 0.394943 0.344795 0.394943 0.344795 0.349564 0.312986 0.349564
2 0.348162 0.393792 0.379956 0.392742 0.378671 0.347385 0.346877 0.348434
10 0.381548 0.392690 0.413343 0.391640 0.412058 0.346282 0.380264 0.347332
6 0.416464 0.391537 0.448258 0.390487 0.446974 0.345130 0.415179 0.346179
7 0.452039 0.390363 0.483833 0.389313 0.482549 0.343955 0.450754 0.345005
11 0.485075 0.389272 0.516869 0.388222 0.515584 0.342864 0.483790 0.343914
4 0.523701 0.387996 0.555495 0.386947 0.554211 0.341589 0.522417 0.342639
12 0.561133 0.386761 0.592927 0.385711 0.591642 0.340353 0.559848 0.341403
1 0.305555 0.400620 0.600379 0.400620 0.600379 0.332325 0.305555 0.332325
0 0.323778 0.962677 0.938073 0.561705 0.667196 0.044404 0.014768 0.439075
