0 0.173668 0.739270 0.811059 0.770386 0.812460 0.201490 0.220567 0.017760
1 0.348989 0.378947 0.657291 0.368585 0.658533 0.289875 0.348540 0.306201
2 0.367420 0.368892 0.397572 0.368892 0.397572 0.326958 0.367420 0.326958
2 0.402634 0.367126 0.432758 0.365598 0.431233 0.323703 0.401109 0.325230
3 0.437055 0.365380 0.467179 0.363853 0.465654 0.321958 0.435530 0.323485
9 0.471567 0.363631 0.501691 0.362103 0.500165 0.320208 0.470041 0.321735
3 0.508206 0.361773 0.538330 0.360245 0.536805 0.318350 0.506681 0.319877
3 0.542089 0.360055 0.572213 0.358527 0.570688 0.316632 0.540564 0.318159
3 0.579219 0.358172 0.609344 0.356645 0.607818 0.314749 0.577694 0.316277
5 0.615367 0.356339 0.645491 0.354812 0.643965 0.312916 0.613841 0.314444
