2 0.119290 0.375803 0.174900 0.375803 0.174900 0.301777 0.119290 0.301777
2 0.209743 0.372945 0.265302 0.371169 0.261091 0.297211 0.205531 0.298987
3 0.301617 0.370009 0.357177 0.368233 0.352965 0.294274 0.297406 0.296050
9 0.379276 0.367526 0.434835 0.365750 0.430624 0.291792 0.375064 0.293568
10 0.468542 0.364673 0.524101 0.362897 0.519890 0.288938 0.464330 0.290714
10 0.555949 0.361879 0.611509 0.360103 0.607297 0.286145 0.551738 0.287920
11 0.638430 0.359243 0.693989 0.357467 0.689778 0.283508 0.634218 0.285284
8 0.734940 0.356158 0.790499 0.354382 0.786288 0.280423 0.730729 0.282199
1 0.077898 0.385650 0.830455 0.385650 0.830455 0.277949 0.077898 0.277949
0 0.002789 0.978760 0.982869 0.978760 0.982869 0.004477 0.002789 0.004477
