0 0.051653 0.907725 0.809621 0.874070 0.813191 0.093348 0.028619 0.129828
1 0.190524 0.375016 0.597056 0.389141 0.595865 0.274727 0.189539 0.255402
2 0.204310 0.361364 0.242467 0.361364 0.242467 0.276469 0.204310 0.276469
2 0.254713 0.363643 0.292854 0.365354 0.294465 0.280495 0.256324 0.278784
4 0.304399 0.365872 0.342539 0.367583 0.344151 0.282724 0.306010 0.281013
6 0.354423 0.368116 0.392564 0.369828 0.394175 0.284969 0.356035 0.283258
6 0.402396 0.370269 0.440537 0.371980 0.442148 0.287121 0.404007 0.285410
10 0.449431 0.372379 0.487572 0.374090 0.489183 0.289231 0.451042 0.287520
2 0.498734 0.374591 0.536875 0.376302 0.538486 0.291443 0.500345 0.289732
7 0.545994 0.376711 0.584135 0.378422 0.585746 0.293563 0.547606 0.291852
