2 0.026037 0.333396 0.109525 0.333396 0.109525 0.203207 0.026037 0.203207
2 0.137551 0.333348 0.221039 0.333311 0.220938 0.203122 0.137450 0.203159
5 0.261318 0.333294 0.344806 0.333258 0.344706 0.203069 0.261218 0.203105
6 0.366227 0.333248 0.449715 0.333212 0.449614 0.203023 0.366126 0.203059
7 0.481698 0.333198 0.565186 0.333162 0.565086 0.202973 0.481598 0.203009
12 0.594899 0.333149 0.678387 0.333113 0.678286 0.202924 0.594798 0.202960
12 0.707355 0.333100 0.790843 0.333064 0.790742 0.202875 0.707254 0.202911
12 0.819091 0.333052 0.902579 0.333016 0.902478 0.202827 0.818990 0.202863
0 0.006416 0.978679 0.984529 0.978679 0.984529 0.080943 0.006416 0.080943
1 0.016824 0.355118 0.934418 0.365454 0.937891 0.186372 0.016824 0.176036
