2 0.077590 0.850691 0.128814 0.850691 0.128814 0.769491 0.077590 0.769491
2 0.155878 0.849188 0.207085 0.848197 0.204290 0.767024 0.153084 0.768015
12 0.239207 0.847575 0.290414 0.846583 0.287619 0.765410 0.236412 0.766402
7 0.320505 0.846000 0.371712 0.845008 0.368918 0.763836 0.317711 0.764827
2 0.383415 0.844782 0.434622 0.843790 0.431828 0.762617 0.380621 0.763609
11 0.465822 0.843186 0.517029 0.842194 0.514234 0.761021 0.463027 0.762013
2 0.541225 0.841726 0.592432 0.840734 0.589637 0.759561 0.538430 0.760553
9 0.622147 0.840158 0.673354 0.839167 0.670560 0.757994 0.619353 0.758986
1 0.040411 0.879785 0.714058 0.879785 0.714058 0.732919 0.040411 0.732919
0 0.008286 1.000000 0.990584 1.000000 0.990584 0.459887 0.008286 0.459887
