2 0.265155 0.558673 0.298024 0.558673 0.298024 0.522359 0.265155 0.522359
2 0.312234 0.559106 0.347616 0.559106 0.347616 0.521953 0.312234 0.521953
5 0.363672 0.558659 0.394786 0.558659 0.394786 0.523743 0.363672 0.523743
9 0.412214 0.556762 0.443781 0.556762 0.443781 0.518157 0.412214 0.518157
11 0.463091 0.559594 0.494097 0.559594 0.494097 0.519091 0.463091 0.519091
5 0.513859 0.562389 0.544340 0.562389 0.544340 0.525454 0.513859 0.525454
7 0.561787 0.565642 0.592125 0.565642 0.592125 0.528355 0.561787 0.528355
12 0.613572 0.565199 0.645248 0.565199 0.645248 0.536698 0.613572 0.536698
1 0.254513 0.564816 0.654532 0.567173 0.654726 0.516403 0.256972 0.509487
0 0.020418 0.936846 0.896394 0.936846 0.896394 0.300077 0.020418 0.300077
