2 0.269042 0.451469 0.308612 0.451469 0.308612 0.412176 0.269042 0.412176
2 0.323134 0.453325 0.362664 0.454668 0.364979 0.415414 0.325449 0.414072
4 0.375009 0.455087 0.414540 0.456429 0.416855 0.417175 0.377325 0.415833
6 0.431027 0.456989 0.470558 0.458331 0.472873 0.419078 0.433343 0.417735
6 0.479754 0.458643 0.519284 0.459986 0.521599 0.420732 0.482069 0.419390
10 0.532858 0.460447 0.572389 0.461789 0.574704 0.422535 0.535174 0.421193
2 0.584512 0.462201 0.624042 0.463543 0.626357 0.424289 0.586827 0.422947
7 0.640797 0.464112 0.680328 0.465454 0.682643 0.426200 0.643113 0.424858
1 0.241102 0.471516 0.696621 0.471516 0.696621 0.393732 0.241102 0.393732
0 0.310364 0.798387 0.937470 0.720968 0.665370 0.145161 0.044641 0.250000
