2 0.352939 0.624977 0.377024 0.624977 0.377024 0.593527 0.352939 0.593527
2 0.388005 0.623807 0.412072 0.622996 0.410674 0.591569 0.386607 0.592380
8 0.421325 0.622684 0.445392 0.621872 0.443994 0.590446 0.419927 0.591257
11 0.452304 0.621639 0.476371 0.620828 0.474973 0.589402 0.450906 0.590213
6 0.484257 0.620562 0.508324 0.619751 0.506927 0.588325 0.482860 0.589136
10 0.513111 0.619590 0.537178 0.618778 0.535780 0.587352 0.511713 0.588163
10 0.543938 0.618551 0.568005 0.617739 0.566607 0.586313 0.542540 0.587124
7 0.577610 0.617416 0.601677 0.616604 0.600279 0.585178 0.576212 0.585989
1 0.338258 0.630108 0.616740 0.619059 0.614511 0.576491 0.336029 0.587541
0 0.197702 0.860257 0.747972 0.939912 0.738328 0.447246 0.191716 0.426207
