2 0.424477 0.551712 0.440410 0.547551 0.433987 0.527150 0.418054 0.531311
9 0.498121 0.531503 0.514002 0.527356 0.507659 0.507208 0.491778 0.511356
11 0.519695 0.528567 0.536931 0.524065 0.530508 0.503665 0.513272 0.508167
5 0.473855 0.541635 0.493054 0.536621 0.486632 0.516221 0.467432 0.521235
5 0.593557 0.517345 0.609239 0.513250 0.602817 0.492850 0.587135 0.496945
6 0.547112 0.524660 0.563222 0.519893 0.556021 0.499709 0.539912 0.504477
8 0.568205 0.517461 0.582981 0.513602 0.576559 0.493202 0.561782 0.497061
3 0.452150 0.547205 0.464679 0.543933 0.458256 0.523533 0.445727 0.526805
0 0.347539 0.839056 0.781080 0.624464 0.637352 0.335837 0.147262 0.493562
1 0.413674 0.558946 0.620940 0.513029 0.612703 0.482187 0.405437 0.528104
