2 0.377304 0.503282 0.412799 0.503282 0.412799 0.437719 0.377304 0.437719
2 0.425270 0.497119 0.460644 0.497119 0.460644 0.434083 0.425270 0.434083
3 0.475219 0.497488 0.509976 0.497488 0.509976 0.433254 0.475219 0.433254
5 0.523217 0.507775 0.559999 0.507775 0.559999 0.435893 0.523217 0.435893
2 0.570152 0.498075 0.606717 0.498075 0.606717 0.430773 0.570152 0.430773
6 0.619874 0.499767 0.650884 0.499767 0.650884 0.442317 0.619874 0.442317
5 0.662756 0.501055 0.693656 0.501055 0.693656 0.438072 0.662756 0.438072
9 0.700253 0.515260 0.731473 0.515260 0.731473 0.449816 0.700253 0.449816
0 0.174825 1.000000 0.967807 1.000000 0.967807 0.043570 0.174825 0.043570
1 0.354831 0.510719 0.752693 0.521857 0.754143 0.429771 0.356281 0.418632
