2 0.213736 0.396448 0.204145 0.434175 0.258200 0.435373 0.267276 0.399731
3 0.279845 0.402589 0.271163 0.433358 0.310808 0.434234 0.317445 0.405069
4 0.337792 0.405815 0.330819 0.437193 0.375067 0.440028 0.381194 0.406775
7 0.403908 0.406472 0.394349 0.437541 0.437127 0.439643 0.446810 0.408279
8 0.470671 0.406151 0.463302 0.436495 0.505913 0.437890 0.515747 0.406622
11 0.538809 0.406622 0.522958 0.438936 0.567893 0.439982 0.581839 0.407558
2 0.600656 0.408038 0.589586 0.442422 0.639945 0.443468 0.650017 0.409302
12 0.676132 0.413698 0.672485 0.438587 0.715966 0.439171 0.718062 0.414642
0 0.996688 0.245487 0.006130 0.215172 0.000000 0.732400 0.999234 0.768276
1 0.172923 0.439255 0.745643 0.450306 0.750087 0.403669 0.177367 0.392619
