2 0.178572 0.499380 0.233803 0.499380 0.233803 0.444878 0.178572 0.444878
2 0.261379 0.493496 0.316353 0.489505 0.309352 0.435257 0.254378 0.439248
5 0.334788 0.488167 0.389762 0.484176 0.382761 0.429928 0.327787 0.433919
5 0.407092 0.482918 0.462066 0.478928 0.455065 0.424679 0.400091 0.428670
11 0.477677 0.477794 0.532651 0.473804 0.525650 0.419555 0.470676 0.423546
2 0.549345 0.472592 0.604319 0.468601 0.597318 0.414353 0.542344 0.418343
5 0.618114 0.467600 0.673088 0.463609 0.666087 0.409360 0.611113 0.413351
8 0.689071 0.462449 0.744045 0.458458 0.737044 0.404209 0.682070 0.408200
0 0.006863 1.000000 1.000000 1.000000 1.000000 0.093417 0.006863 0.093417
1 0.154247 0.514023 0.762487 0.481822 0.747380 0.390586 0.147886 0.423383
