0 0.117089 0.833129 0.831224 0.833129 0.831224 0.000000 0.117089 0.000000
2 0.300633 0.308566 0.332279 0.308566 0.332279 0.253866 0.300633 0.253866
2 0.340090 0.308825 0.371736 0.309032 0.371938 0.254333 0.340293 0.254125
2 0.381215 0.309094 0.412861 0.309301 0.413063 0.254602 0.381418 0.254395
11 0.418121 0.309336 0.449767 0.309543 0.449970 0.254844 0.418324 0.254636
6 0.457693 0.309595 0.489339 0.309802 0.489541 0.255103 0.457896 0.254896
10 0.498815 0.309864 0.530461 0.310072 0.530664 0.255372 0.499018 0.255165
7 0.536295 0.310110 0.567940 0.310317 0.568143 0.255618 0.536497 0.255410
2 0.581343 0.310405 0.612989 0.310612 0.613192 0.255913 0.581546 0.255705
1 0.288109 0.326642 0.625249 0.318926 0.624322 0.235987 0.286354 0.236171
