2 0.588312 0.491486 0.619337 0.492931 0.621101 0.425612 0.590075 0.424167
2 0.539670 0.487311 0.570650 0.489980 0.573906 0.422760 0.542927 0.420091
7 0.636291 0.495633 0.667270 0.498301 0.670527 0.431081 0.639547 0.428413
8 0.685176 0.499844 0.716155 0.502512 0.719412 0.435292 0.688433 0.432624
7 0.734722 0.504111 0.765701 0.506779 0.768958 0.439559 0.737978 0.436891
10 0.781782 0.508164 0.812762 0.510832 0.816018 0.443612 0.785039 0.440944
6 0.831592 0.512454 0.862571 0.515122 0.865828 0.447902 0.834848 0.445234
8 0.881880 0.516785 0.912860 0.519454 0.916116 0.452234 0.885137 0.449565
1 0.537015 0.493535 0.924027 0.532880 0.926075 0.434018 0.539062 0.398857
0 0.047276 0.985476 0.990275 0.985476 0.999874 0.010665 0.047276 0.012798
