2 0.271404 0.512249 0.315124 0.512249 0.315124 0.474080 0.271404 0.474080
2 0.320261 0.514678 0.363850 0.516794 0.368543 0.478738 0.324953 0.476622
2 0.665728 0.531447 0.709318 0.533563 0.714010 0.495508 0.670420 0.493392
8 0.378795 0.517519 0.422385 0.519635 0.427077 0.481580 0.383488 0.479464
5 0.428994 0.519956 0.472584 0.522072 0.477276 0.484017 0.433686 0.481901
4 0.544919 0.525583 0.588509 0.527699 0.593201 0.489644 0.549611 0.487528
10 0.605408 0.528519 0.648998 0.530635 0.653690 0.492580 0.610101 0.490464
3 0.488828 0.522860 0.532418 0.524976 0.537110 0.486921 0.493520 0.484805
0 0.006320 0.917695 0.990519 0.917695 0.990519 0.247581 0.006320 0.247581
1 0.255651 0.528334 0.730470 0.542411 0.727037 0.474070 0.251827 0.463656
