2 0.338353 0.368148 0.350870 0.368148 0.350870 0.337809 0.338353 0.337809
2 0.354596 0.373289 0.366935 0.377027 0.369807 0.347121 0.357468 0.343382
4 0.370965 0.378249 0.383303 0.381987 0.386175 0.352081 0.373837 0.348342
5 0.387538 0.383270 0.399876 0.387009 0.402748 0.357102 0.390410 0.353364
8 0.403651 0.388153 0.415990 0.391892 0.418862 0.361985 0.406523 0.358246
9 0.417323 0.392296 0.429661 0.396034 0.432533 0.366128 0.420195 0.362389
10 0.441079 0.399494 0.453417 0.403233 0.456289 0.373326 0.443951 0.369587
12 0.458448 0.404757 0.470786 0.408496 0.473658 0.378589 0.461320 0.374851
0 0.254498 0.692510 0.549921 0.692510 0.549921 0.188611 0.254498 0.188611
1 0.326679 0.371254 0.478158 0.418538 0.482733 0.372290 0.331254 0.325006
