2 0.230786 0.429724 0.262209 0.429724 0.262209 0.376504 0.230786 0.376504
2 0.271688 0.430484 0.303108 0.431066 0.303662 0.377851 0.272242 0.377269
6 0.314149 0.431270 0.345569 0.431852 0.346123 0.378637 0.314703 0.378056
4 0.353625 0.432001 0.385045 0.432583 0.385599 0.379368 0.354179 0.378787
11 0.392276 0.432717 0.423696 0.433299 0.424251 0.380084 0.392831 0.379502
7 0.432190 0.433456 0.463610 0.434038 0.464164 0.380823 0.432744 0.380242
2 0.468706 0.434133 0.500126 0.434715 0.500681 0.381500 0.469261 0.380918
11 0.506097 0.434825 0.537517 0.435407 0.538071 0.382192 0.506651 0.381610
1 0.216348 0.447842 0.552654 0.447842 0.552654 0.364048 0.216348 0.364048
0 0.038853 0.879379 0.709766 0.879379 0.709766 0.050389 0.038853 0.050389
