2 0.458087 0.407018 0.486629 0.407018 0.486629 0.351505 0.458087 0.351505
2 0.497114 0.408088 0.525650 0.408866 0.526501 0.353365 0.497965 0.352587
3 0.537755 0.409196 0.566291 0.409975 0.567143 0.354473 0.538607 0.353695
9 0.577340 0.410276 0.605876 0.411054 0.606727 0.355553 0.578191 0.354774
3 0.616858 0.411353 0.645394 0.412132 0.646245 0.356630 0.617709 0.355852
3 0.657933 0.412474 0.686469 0.413252 0.687321 0.357750 0.658784 0.356972
3 0.697920 0.413564 0.726456 0.414342 0.727308 0.358841 0.698772 0.358063
5 0.743892 0.414818 0.772428 0.415596 0.773279 0.360094 0.744743 0.359316
1 0.443851 0.416185 0.781643 0.423601 0.783053 0.334391 0.446355 0.325795
0 0.252869 0.953030 0.988310 0.953030 0.988310 0.027011 0.252869 0.027011
