2 0.416803 0.460469 0.429459 0.460469 0.429459 0.429198 0.416803 0.429198
2 0.432947 0.462531 0.445553 0.464093 0.447563 0.432946 0.434957 0.431384
4 0.451729 0.464858 0.464336 0.466420 0.466346 0.435273 0.453739 0.433712
5 0.467754 0.466844 0.480360 0.468406 0.482370 0.437259 0.469764 0.435697
8 0.487128 0.469244 0.499734 0.470806 0.501744 0.439659 0.489138 0.438097
9 0.504510 0.471398 0.517117 0.472960 0.519127 0.441813 0.506520 0.440251
10 0.519310 0.473231 0.531916 0.474793 0.533926 0.443647 0.521319 0.442085
5 0.539687 0.475756 0.552294 0.477318 0.554304 0.446171 0.541697 0.444609
0 0.307945 0.737467 0.647390 0.737467 0.647390 0.294466 0.307945 0.294466
1 0.406185 0.463754 0.560210 0.483410 0.562989 0.441599 0.408963 0.421944
