2 0.299469 0.495125 0.335227 0.493194 0.332280 0.457794 0.296640 0.459128
2 0.385075 0.489727 0.381042 0.453794 0.345321 0.456050 0.349354 0.491982
2 0.434339 0.486617 0.430306 0.450684 0.394585 0.452939 0.398618 0.488872
10 0.484956 0.483421 0.480924 0.447489 0.445203 0.449744 0.449235 0.485676
8 0.534584 0.480289 0.530551 0.444356 0.494830 0.446611 0.498863 0.482544
6 0.580470 0.477392 0.576438 0.441460 0.540716 0.443715 0.544748 0.479647
7 0.622746 0.474723 0.618713 0.438791 0.582991 0.441046 0.587024 0.476978
6 0.666656 0.471951 0.662624 0.436019 0.626902 0.438274 0.630934 0.474206
0 0.092524 0.829025 0.899201 0.829025 0.899201 0.221423 0.092524 0.221423
1 0.267517 0.506915 0.700813 0.479321 0.694593 0.424377 0.261297 0.451970
