2 0.399069 0.371549 0.410965 0.372816 0.413164 0.349920 0.401461 0.348476
2 0.415804 0.375349 0.427474 0.378012 0.432457 0.355569 0.420788 0.352906
6 0.454642 0.384212 0.466311 0.386875 0.471295 0.364432 0.459625 0.361769
4 0.435943 0.379945 0.447613 0.382608 0.452596 0.360165 0.440927 0.357502
6 0.475667 0.389010 0.487337 0.391673 0.492320 0.369230 0.480651 0.366567
6 0.496694 0.393809 0.508364 0.396472 0.513347 0.374029 0.501678 0.371366
2 0.519254 0.398957 0.530923 0.401620 0.535907 0.379177 0.524237 0.376514
12 0.544093 0.404625 0.555763 0.407289 0.560746 0.384846 0.549077 0.382183
1 0.392556 0.374507 0.564478 0.409728 0.571428 0.372410 0.393775 0.342182
0 0.375955 0.598083 0.621106 0.598083 0.621106 0.277526 0.375955 0.277526
