2 0.346374 0.474294 0.372567 0.474294 0.372567 0.412232 0.346374 0.412232
2 0.381650 0.463036 0.407274 0.454358 0.399235 0.393642 0.373610 0.402320
2 0.412898 0.452453 0.438522 0.443775 0.430483 0.383059 0.404858 0.391737
2 0.439887 0.443313 0.465511 0.434635 0.457471 0.373919 0.431847 0.382597
2 0.472971 0.432108 0.498596 0.423430 0.490556 0.362714 0.464932 0.371392
2 0.502352 0.422158 0.527976 0.413480 0.519936 0.352764 0.494312 0.361442
4 0.534986 0.411106 0.560611 0.402428 0.552571 0.341712 0.526947 0.350390
2 0.566429 0.400457 0.592054 0.391779 0.584014 0.331063 0.558390 0.339741
0 0.253629 0.952762 0.744955 0.952762 0.744955 0.189647 0.253629 0.189647
1 0.333842 0.495473 0.608774 0.399054 0.597417 0.316233 0.322485 0.412652
