2 0.346865 0.394023 0.362519 0.394023 0.362519 0.373930 0.346865 0.373930
2 0.368653 0.394494 0.384301 0.394829 0.385033 0.374744 0.369385 0.374409
8 0.389869 0.394948 0.405517 0.395284 0.406249 0.375199 0.390601 0.374863
5 0.410654 0.395394 0.426302 0.395729 0.427034 0.375644 0.411386 0.375309
2 0.432921 0.395871 0.448569 0.396206 0.449301 0.376121 0.433653 0.375786
10 0.452819 0.396297 0.468467 0.396633 0.469199 0.376548 0.453551 0.376212
6 0.475595 0.396786 0.491243 0.397121 0.491975 0.377036 0.476327 0.376700
12 0.497722 0.397260 0.513370 0.397595 0.514102 0.377510 0.498454 0.377175
1 0.338765 0.402307 0.525092 0.402307 0.525092 0.369518 0.338765 0.369518
0 0.244649 0.549423 0.600369 0.549423 0.600369 0.280087 0.244649 0.280087
