2 0.319575 0.401092 0.346601 0.402350 0.347850 0.354656 0.320824 0.353398
1 0.305528 0.415743 0.634357 0.431054 0.636522 0.348405 0.307693 0.333094
0 0.000000 0.956423 0.870601 0.974735 0.870708 0.000004 0.013930 0.000000
2 0.359115 0.402924 0.386141 0.404177 0.387384 0.356483 0.360358 0.355230
7 0.398808 0.404764 0.425834 0.406017 0.427078 0.358322 0.400051 0.357070
8 0.438374 0.406598 0.465400 0.407850 0.466644 0.360156 0.439618 0.358904
10 0.515196 0.410158 0.542222 0.411411 0.543465 0.363716 0.516439 0.362464
7 0.476141 0.408348 0.503168 0.409601 0.504411 0.361906 0.477385 0.360654
6 0.554606 0.411985 0.581633 0.413237 0.582876 0.365543 0.555850 0.364290
8 0.592842 0.413757 0.619868 0.415009 0.621111 0.367315 0.594085 0.366062
