2 0.292208 0.531879 0.332766 0.531879 0.332766 0.486935 0.292208 0.486935
3 0.347249 0.531641 0.387806 0.531465 0.387460 0.486522 0.346903 0.486698
3 0.397288 0.531424 0.437845 0.531248 0.437499 0.486305 0.396942 0.486481
10 0.446188 0.531212 0.486746 0.531037 0.486400 0.486093 0.445842 0.486269
9 0.501645 0.530972 0.542202 0.530796 0.541856 0.485853 0.501299 0.486029
10 0.554064 0.530745 0.594621 0.530569 0.594275 0.485626 0.553718 0.485802
3 0.605224 0.530523 0.645781 0.530348 0.645435 0.485404 0.604877 0.485580
9 0.656825 0.530300 0.697382 0.530124 0.697036 0.485181 0.656479 0.485357
1 0.279813 0.540436 0.723413 0.540436 0.723413 0.473020 0.279813 0.473020
0 0.003141 0.894664 0.996255 0.894664 0.996255 0.201179 0.003141 0.201179
