2 0.206488 0.632065 0.261074 0.632065 0.261074 0.555705 0.206488 0.555705
2 0.265622 0.631839 0.320208 0.631630 0.320043 0.555270 0.265457 0.555479
2 0.318876 0.631635 0.373462 0.631426 0.373297 0.555066 0.318711 0.555275
11 0.370775 0.631436 0.425361 0.631227 0.425196 0.554867 0.370610 0.555076
6 0.428932 0.631214 0.483517 0.631005 0.483353 0.554645 0.428767 0.554854
10 0.479946 0.631018 0.534532 0.630809 0.534367 0.554450 0.479781 0.554659
7 0.534523 0.630809 0.589109 0.630600 0.588944 0.554241 0.534359 0.554450
1 0.187211 0.660574 0.656772 0.660574 0.656772 0.511120 0.187211 0.511120
0 0.001565 0.998359 0.921477 0.998359 0.921477 0.156003 0.001565 0.156003
12 0.586884 0.630609 0.641469 0.630400 0.641305 0.554040 0.586719 0.554249
