2 0.392410 0.332788 0.409407 0.332788 0.409407 0.301890 0.392410 0.301890
2 0.419718 0.329158 0.436627 0.326860 0.434278 0.296122 0.417368 0.298419
2 0.443921 0.325869 0.460831 0.323572 0.458481 0.292833 0.441572 0.295130
4 0.466631 0.322784 0.483541 0.320486 0.481192 0.289747 0.464282 0.292045
5 0.491331 0.319428 0.508240 0.317130 0.505891 0.286392 0.488982 0.288689
4 0.514893 0.316227 0.531803 0.313929 0.529453 0.283190 0.512544 0.285488
5 0.539111 0.312936 0.556020 0.310639 0.553671 0.279900 0.536762 0.282197
1 0.386021 0.339494 0.584812 0.321852 0.582601 0.268569 0.386216 0.283805
0 0.277162 0.630534 0.704733 0.630534 0.704733 0.126844 0.277162 0.126844
12 0.558831 0.310257 0.575740 0.307959 0.573391 0.277221 0.556482 0.279518
