2 0.332403 0.514267 0.360035 0.514267 0.360035 0.480895 0.332403 0.480895
2 0.374439 0.510638 0.401921 0.508206 0.397830 0.475015 0.370348 0.477447
8 0.414181 0.507121 0.441664 0.504690 0.437573 0.471498 0.410090 0.473930
11 0.451746 0.503798 0.479228 0.501366 0.475137 0.468174 0.447655 0.470606
6 0.494203 0.500041 0.521685 0.497609 0.517595 0.464417 0.490112 0.466849
10 0.529056 0.496957 0.556538 0.494525 0.552447 0.461333 0.524965 0.463765
10 0.561214 0.494111 0.588697 0.491679 0.584606 0.458488 0.557123 0.460920
12 0.604021 0.490323 0.631503 0.487891 0.627412 0.454700 0.599930 0.457132
1 0.314566 0.517701 0.646067 0.500904 0.644660 0.443658 0.314588 0.465721
0 0.223211 0.852890 0.917310 0.796276 0.740642 0.243849 0.065418 0.287230
