2 0.344978 0.425956 0.331206 0.425956 0.331206 0.459547 0.344978 0.459547
0 0.237582 0.736847 0.590515 0.736847 0.590515 0.282303 0.237582 0.282303
1 0.318692 0.468730 0.503937 0.467896 0.503809 0.416117 0.318564 0.416951
2 0.365749 0.427350 0.351977 0.427350 0.351977 0.460941 0.365749 0.460941
4 0.385069 0.427175 0.371297 0.427175 0.371297 0.460766 0.385069 0.460766
5 0.408163 0.427392 0.394390 0.427392 0.394390 0.460983 0.408163 0.460983
8 0.427192 0.428001 0.413420 0.428001 0.413420 0.461592 0.427192 0.461592
9 0.446802 0.427434 0.433030 0.427434 0.433030 0.461025 0.446802 0.461025
10 0.466993 0.428044 0.453221 0.428044 0.453221 0.461635 0.466993 0.461635
5 0.488635 0.425516 0.474863 0.425516 0.474863 0.459107 0.488635 0.459107
