2 0.366258 0.530626 0.392754 0.530626 0.392754 0.494988 0.366258 0.494988
2 0.400727 0.530102 0.427218 0.529697 0.426403 0.494065 0.399911 0.494470
3 0.435680 0.529568 0.462171 0.529163 0.461355 0.493531 0.434864 0.493936
9 0.469148 0.529056 0.495639 0.528651 0.494824 0.493019 0.468333 0.493424
3 0.506633 0.528483 0.533124 0.528078 0.532309 0.492446 0.505817 0.492851
3 0.541088 0.527956 0.567579 0.527551 0.566764 0.491920 0.540272 0.492325
3 0.579589 0.527368 0.606080 0.526963 0.605264 0.491331 0.578773 0.491736
5 0.619115 0.526764 0.645606 0.526359 0.644791 0.490727 0.618300 0.491132
1 0.353406 0.537335 0.661560 0.534034 0.659418 0.482261 0.349654 0.486699
0 0.196693 0.819084 0.840171 0.819084 0.840171 0.325649 0.196693 0.325649
