2 0.407765 0.533750 0.431017 0.533750 0.431017 0.488410 0.407765 0.488410
2 0.440492 0.536048 0.463695 0.537643 0.466482 0.492399 0.443279 0.490804
7 0.475509 0.538456 0.498712 0.540051 0.501498 0.494807 0.478296 0.493211
6 0.511862 0.540955 0.535065 0.542551 0.537852 0.497306 0.514649 0.495711
10 0.589720 0.546309 0.612923 0.547904 0.615710 0.502660 0.592507 0.501064
3 0.672385 0.551992 0.695588 0.553588 0.698375 0.508343 0.675172 0.506748
1 0.402326 0.543363 0.707616 0.578062 0.721052 0.482639 0.400856 0.467944
0 0.171153 0.520276 0.469919 0.862897 0.873388 0.442759 0.533723 0.125342
7 0.631140 0.549157 0.654343 0.550752 0.657130 0.505508 0.633927 0.503912
5 0.552173 0.543727 0.575376 0.545322 0.578163 0.500078 0.554960 0.498483
