2 0.353435 0.542778 0.387097 0.542778 0.387097 0.503506 0.353435 0.503506
5 0.385278 0.522543 0.411385 0.501295 0.386596 0.470837 0.360489 0.492085
7 0.410459 0.502049 0.436566 0.480801 0.411777 0.450343 0.385670 0.471591
7 0.438150 0.479513 0.464257 0.458265 0.439468 0.427806 0.413360 0.449054
2 0.462683 0.459545 0.488790 0.438298 0.464001 0.407839 0.437894 0.429087
5 0.489837 0.437446 0.515944 0.416198 0.491155 0.385740 0.465047 0.406988
8 0.511177 0.420078 0.537284 0.398830 0.512495 0.368372 0.486388 0.389619
12 0.536486 0.399479 0.562594 0.378232 0.537804 0.347773 0.511697 0.369021
1 0.300214 0.558761 0.642094 0.558761 0.642094 0.297335 0.300214 0.297335
0 0.287517 0.786816 0.713884 0.786816 0.713884 0.218794 0.287517 0.218794
