2 0.330149 0.511252 0.360721 0.511252 0.360721 0.453503 0.330149 0.453503
2 0.371868 0.517100 0.402281 0.521253 0.406694 0.463805 0.376281 0.459652
10 0.420246 0.523706 0.450659 0.527860 0.455072 0.470411 0.424659 0.466258
6 0.464638 0.529768 0.495051 0.533922 0.499464 0.476473 0.469051 0.472320
7 0.511837 0.536214 0.542250 0.540367 0.546663 0.482918 0.516250 0.478765
11 0.559179 0.542679 0.589591 0.546832 0.594004 0.489383 0.563591 0.485230
4 0.607486 0.549275 0.637899 0.553428 0.642311 0.495980 0.611899 0.491827
4 0.653531 0.555563 0.683944 0.559716 0.688357 0.502268 0.657944 0.498115
1 0.314384 0.537884 0.700408 0.573124 0.698321 0.482240 0.320369 0.432600
0 0.001486 0.999292 0.937263 0.999292 0.937263 0.048124 0.001486 0.048124
