2 0.307015 0.564354 0.331981 0.564354 0.331981 0.537078 0.307015 0.537078
0 0.097456 0.871829 0.797812 0.871829 0.797812 0.363014 0.097456 0.363014
2 0.345540 0.560689 0.372917 0.560689 0.372917 0.537332 0.345540 0.537332
11 0.384064 0.562752 0.411442 0.562752 0.411442 0.539395 0.384064 0.539395
4 0.420981 0.568131 0.448358 0.568131 0.448358 0.544775 0.420981 0.544775
4 0.460724 0.570055 0.488102 0.570055 0.488102 0.546698 0.460724 0.546698
7 0.497904 0.567170 0.525282 0.567170 0.525282 0.543813 0.497904 0.543813
9 0.535083 0.568131 0.562461 0.568131 0.562461 0.544775 0.535083 0.544775
8 0.573545 0.575824 0.600923 0.575824 0.600923 0.552467 0.573545 0.552467
1 0.286736 0.567280 0.618209 0.582439 0.621365 0.543616 0.289892 0.528457
