2 0.357959 0.468077 0.398031 0.468128 0.403291 0.386782 0.360799 0.382889
2 0.417817 0.469823 0.457849 0.472204 0.460578 0.390638 0.420546 0.388257
7 0.473844 0.473156 0.513876 0.475537 0.516605 0.393970 0.476573 0.391589
8 0.530659 0.476535 0.570691 0.478916 0.573420 0.397349 0.533388 0.394968
7 0.587437 0.479912 0.627470 0.482293 0.630199 0.400726 0.590166 0.398345
10 0.640104 0.483044 0.680136 0.485425 0.682865 0.403859 0.642833 0.401478
6 0.696574 0.486403 0.736606 0.488784 0.739335 0.407217 0.699303 0.404836
8 0.754856 0.489869 0.794888 0.492250 0.797617 0.410684 0.757585 0.408303
0 0.000000 0.999758 0.998831 0.971935 0.998831 0.000000 0.002847 0.000000
1 0.347377 0.485868 0.810091 0.503452 0.812706 0.393279 0.353009 0.361203
