2 0.152462 0.450153 0.175283 0.450153 0.175283 0.393156 0.152462 0.393156
2 0.182464 0.455986 0.205107 0.460219 0.209882 0.403666 0.187239 0.399433
4 0.219213 0.462856 0.241856 0.467089 0.246631 0.410536 0.223988 0.406303
6 0.256384 0.469805 0.279027 0.474038 0.283803 0.417485 0.261160 0.413252
6 0.293006 0.476651 0.315649 0.480884 0.320424 0.424331 0.297781 0.420098
10 0.329784 0.483526 0.352427 0.487759 0.357203 0.431207 0.334560 0.426974
2 0.369354 0.490924 0.391997 0.495157 0.396772 0.438604 0.374129 0.434371
7 0.409534 0.498435 0.432177 0.502668 0.436952 0.446116 0.414309 0.441883
1 0.136520 0.463858 0.440272 0.509980 0.444932 0.423560 0.138150 0.371086
0 0.089973 1.000000 0.667763 0.847639 0.553104 0.093348 0.000000 0.243548
