2 0.429524 0.459731 0.441920 0.462143 0.446569 0.442548 0.435102 0.440739
2 0.462962 0.445981 0.450691 0.443049 0.445671 0.462930 0.457942 0.465862
2 0.479193 0.449127 0.467088 0.445600 0.461050 0.465211 0.473155 0.468738
3 0.495509 0.451717 0.483296 0.448562 0.477894 0.468348 0.490106 0.471503
11 0.512161 0.454792 0.500026 0.451367 0.494161 0.471027 0.506296 0.474453
3 0.527318 0.458117 0.515253 0.454462 0.508995 0.474008 0.521060 0.477663
3 0.540768 0.459722 0.528453 0.456972 0.523745 0.476924 0.536060 0.479674
3 0.552611 0.461971 0.540235 0.459492 0.535991 0.479544 0.548368 0.482022
0 0.428223 0.627572 0.613351 0.588766 0.571588 0.366842 0.378981 0.365629
1 0.417967 0.462568 0.557368 0.488076 0.562935 0.459287 0.423534 0.433779
