2 0.291696 0.560341 0.325361 0.560341 0.325361 0.524002 0.291696 0.524002
2 0.333348 0.563032 0.366894 0.565147 0.370954 0.528936 0.337408 0.526820
11 0.377167 0.565795 0.410713 0.567911 0.414773 0.531700 0.381227 0.529584
4 0.418319 0.568390 0.451865 0.570506 0.455925 0.534295 0.422379 0.532179
6 0.458322 0.570913 0.491868 0.573029 0.495928 0.536818 0.462382 0.534702
7 0.492956 0.573098 0.526502 0.575213 0.530562 0.539002 0.497016 0.536886
9 0.537863 0.575930 0.571409 0.578045 0.575469 0.541834 0.541923 0.539719
12 0.580873 0.578642 0.614419 0.580758 0.618479 0.544547 0.584933 0.542431
0 0.075786 0.916359 0.809612 0.916359 0.809612 0.339649 0.075786 0.339649
1 0.267457 0.562619 0.633510 0.586509 0.638837 0.540599 0.272784 0.516710
