2 0.310253 0.505988 0.263889 0.505988 0.263889 0.594400 0.310253 0.594400
2 0.329823 0.594010 0.376182 0.593074 0.375176 0.504672 0.328817 0.505608
9 0.402086 0.592551 0.448445 0.591615 0.447439 0.503213 0.401080 0.504149
2 0.463641 0.591308 0.510000 0.590372 0.508993 0.501970 0.462635 0.502906
3 0.532612 0.589915 0.578971 0.588979 0.577965 0.500577 0.531606 0.501513
11 0.602591 0.588502 0.648950 0.587566 0.647944 0.499164 0.601585 0.500100
7 0.672713 0.587086 0.719072 0.586150 0.718065 0.497748 0.671707 0.498684
0 0.024236 0.966921 0.974710 0.966921 0.974710 0.025261 0.024236 0.025261
12 0.744807 0.585630 0.791166 0.584694 0.790160 0.496292 0.743801 0.497228
1 0.232284 0.605787 0.822291 0.605562 0.822266 0.486273 0.232259 0.486497
