2 0.392951 0.333528 0.412007 0.333528 0.412007 0.299361 0.392951 0.299361
2 0.417585 0.330110 0.436532 0.327405 0.433805 0.293432 0.414857 0.296137
2 0.442118 0.326608 0.461066 0.323904 0.458338 0.289931 0.439390 0.292635
4 0.465139 0.323322 0.484087 0.320618 0.481359 0.286645 0.462411 0.289349
5 0.489519 0.319842 0.508466 0.317138 0.505739 0.283165 0.486791 0.285869
4 0.512580 0.316551 0.531527 0.313846 0.528800 0.279874 0.509852 0.282578
5 0.537443 0.313002 0.556391 0.310298 0.553663 0.276325 0.534716 0.279029
1 0.386806 0.342156 0.585211 0.313786 0.581249 0.270336 0.384516 0.289967
0 0.278392 0.619355 0.703243 0.619355 0.703243 0.100000 0.278392 0.100000
12 0.561416 0.309580 0.580364 0.306876 0.577636 0.272903 0.558688 0.275607
