2 0.283530 0.412603 0.301855 0.412603 0.301855 0.376749 0.283530 0.376749
2 0.308230 0.413706 0.326545 0.414517 0.327437 0.378683 0.309122 0.377872
2 0.335397 0.414909 0.353712 0.415720 0.354605 0.379886 0.336290 0.379075
7 0.359314 0.415968 0.377628 0.416779 0.378521 0.380945 0.360206 0.380134
10 0.384697 0.417092 0.403012 0.417903 0.403904 0.382069 0.385589 0.381258
8 0.407786 0.418114 0.426101 0.418925 0.426993 0.383091 0.408678 0.382280
6 0.428128 0.419015 0.446443 0.419826 0.447335 0.383992 0.429021 0.383181
11 0.448851 0.419933 0.467166 0.420744 0.468058 0.384909 0.449743 0.384098
1 0.276823 0.429117 0.473983 0.429117 0.473983 0.368730 0.276823 0.368730
0 0.180916 0.699174 0.563610 0.699174 0.563610 0.194298 0.180916 0.194298
