2 0.411551 0.447560 0.433730 0.447560 0.433730 0.388533 0.411551 0.388533
4 0.436719 0.453908 0.458696 0.459215 0.463165 0.400726 0.441188 0.395419
5 0.462136 0.460046 0.484112 0.465353 0.488581 0.406864 0.466605 0.401557
5 0.488180 0.466335 0.510157 0.471642 0.514626 0.413153 0.492649 0.407846
4 0.513435 0.472434 0.535412 0.477741 0.539881 0.419252 0.517904 0.413945
10 0.539703 0.478777 0.561680 0.484084 0.566149 0.425595 0.544172 0.420288
4 0.565846 0.485090 0.587823 0.490397 0.592292 0.431908 0.570315 0.426601
7 0.596509 0.492494 0.618486 0.497801 0.622955 0.439312 0.600978 0.434005
0 0.158766 0.941231 0.794158 0.941231 0.794158 0.047753 0.158766 0.047753
1 0.393850 0.448803 0.630615 0.507982 0.636497 0.433604 0.399732 0.374426
