2 0.472601 0.532541 0.489200 0.532541 0.489200 0.505799 0.472601 0.505799
2 0.495908 0.533266 0.512499 0.533777 0.513323 0.507048 0.496732 0.506536
10 0.519178 0.533983 0.535769 0.534494 0.536593 0.507765 0.520001 0.507254
6 0.546642 0.534829 0.563233 0.535341 0.564057 0.508611 0.547466 0.508100
7 0.571070 0.535582 0.587661 0.536093 0.588485 0.509364 0.571894 0.508853
11 0.597138 0.536386 0.613729 0.536897 0.614553 0.510168 0.597962 0.509656
4 0.625461 0.537258 0.642052 0.537770 0.642876 0.511040 0.626285 0.510529
4 0.655480 0.538184 0.672071 0.538695 0.672895 0.511966 0.656304 0.511454
1 0.462458 0.543607 0.684214 0.544990 0.684696 0.494272 0.464763 0.490122
0 0.456999 0.826329 0.829808 0.449177 0.573366 0.197573 0.182251 0.550786
