2 0.207899 0.270604 0.258854 0.270604 0.258854 0.222089 0.207899 0.222089
3 0.280531 0.268497 0.331416 0.266997 0.326911 0.218549 0.276026 0.220048
6 0.352806 0.266367 0.403691 0.264868 0.399186 0.216419 0.348301 0.217918
11 0.421590 0.264340 0.472476 0.262841 0.467971 0.214392 0.417085 0.215891
2 0.494853 0.262181 0.545739 0.260682 0.541234 0.212233 0.490349 0.213732
11 0.564648 0.260124 0.615533 0.258625 0.611029 0.210176 0.560143 0.211676
7 0.639736 0.257912 0.690621 0.256412 0.686117 0.207964 0.635231 0.209463
10 0.715991 0.255665 0.766877 0.254165 0.762372 0.205716 0.711486 0.207216
0 0.008047 0.649099 0.997662 0.649099 0.997662 0.003219 0.008047 0.003219
1 0.176714 0.284747 0.797018 0.257504 0.796239 0.189836 0.181745 0.203693
