2 0.342697 0.475170 0.385767 0.475170 0.385767 0.427416 0.342697 0.427416
2 0.393625 0.475759 0.436690 0.476256 0.437668 0.428507 0.394603 0.428011
3 0.444906 0.476350 0.487971 0.476846 0.488949 0.429098 0.445884 0.428602
9 0.499749 0.476982 0.542814 0.477478 0.543792 0.429730 0.500727 0.429234
3 0.553813 0.477605 0.596878 0.478101 0.597856 0.430352 0.554791 0.429856
3 0.610113 0.478253 0.653178 0.478749 0.654156 0.431001 0.611091 0.430505
3 0.659713 0.478825 0.702778 0.479321 0.703756 0.431572 0.660691 0.431076
5 0.720210 0.479522 0.763275 0.480018 0.764253 0.432269 0.721188 0.431773
1 0.327774 0.484628 0.783161 0.484628 0.783161 0.416340 0.327774 0.416340
0 0.087944 0.883141 0.987989 0.883141 0.987989 0.204955 0.087944 0.204955
