2 0.348696 0.320853 0.317380 0.320853 0.317380 0.373307 0.348696 0.373307
2 0.358698 0.373683 0.390000 0.374825 0.391278 0.322394 0.359976 0.321253
8 0.403323 0.375310 0.434625 0.376452 0.435903 0.324021 0.404601 0.322880
11 0.442712 0.376747 0.474014 0.377888 0.475292 0.325457 0.443990 0.324316
6 0.485358 0.378302 0.516660 0.379443 0.517938 0.327012 0.486636 0.325871
10 0.522887 0.379670 0.554189 0.380811 0.555467 0.328381 0.524165 0.327239
10 0.565363 0.381219 0.596665 0.382360 0.597944 0.329929 0.566641 0.328788
12 0.608598 0.382795 0.639900 0.383936 0.641178 0.331506 0.609876 0.330364
1 0.307938 0.379369 0.649212 0.393638 0.652576 0.317660 0.305444 0.312951
0 0.010151 0.806897 0.794539 1.000000 0.879794 0.169655 0.175062 0.012041
