12 0.402637 0.533726 0.432067 0.533726 0.432067 0.497518 0.402637 0.497518
3 0.448424 0.530982 0.477783 0.529195 0.474909 0.493075 0.445549 0.494862
3 0.489774 0.528465 0.519134 0.526678 0.516259 0.490558 0.486900 0.492345
10 0.530996 0.525956 0.560355 0.524169 0.557481 0.488048 0.528121 0.489836
9 0.577154 0.523146 0.606513 0.521359 0.603638 0.485238 0.574279 0.487026
10 0.622995 0.520355 0.652355 0.518568 0.649480 0.482448 0.620121 0.484235
3 0.665211 0.517786 0.694570 0.515998 0.691695 0.479878 0.662336 0.481665
9 0.711198 0.514986 0.740557 0.513199 0.737683 0.477079 0.708323 0.478866
0 0.001613 0.784203 0.656361 0.991537 0.991232 0.248474 0.283265 0.094736
1 0.382723 0.539432 0.761227 0.515751 0.757704 0.472684 0.379200 0.496365
