2 0.345430 0.648187 0.371279 0.648187 0.371279 0.615869 0.345430 0.615869
2 0.375085 0.649316 0.400903 0.650283 0.402898 0.618002 0.377080 0.617035
5 0.406719 0.650501 0.432537 0.651468 0.434532 0.619187 0.408714 0.618220
6 0.436706 0.651624 0.462525 0.652591 0.464520 0.620310 0.438702 0.619343
8 0.467628 0.652782 0.493447 0.653749 0.495442 0.621469 0.469623 0.620502
3 0.496476 0.653863 0.522295 0.654830 0.524290 0.622549 0.498471 0.621582
9 0.526924 0.655003 0.552742 0.655970 0.554737 0.623689 0.528919 0.622722
12 0.560784 0.656271 0.586603 0.657238 0.588598 0.624958 0.562779 0.623991
0 0.725037 0.880318 0.725037 0.498260 0.187715 0.498260 0.187715 0.880318
1 0.328546 0.651124 0.600947 0.661686 0.603532 0.621282 0.331131 0.610720
