2 0.519370 0.612009 0.544142 0.612009 0.544142 0.583472 0.517671 0.584787
2 0.556731 0.609036 0.581293 0.606623 0.576353 0.578328 0.551791 0.580740
6 0.589740 0.605794 0.614303 0.603381 0.609362 0.575086 0.584800 0.577498
4 0.620830 0.602740 0.645393 0.600328 0.640452 0.572033 0.615890 0.574445
11 0.651130 0.599765 0.675692 0.597352 0.670752 0.569057 0.646190 0.571469
7 0.686964 0.596245 0.711527 0.593833 0.706586 0.565538 0.682024 0.567950
2 0.717815 0.593215 0.742377 0.590803 0.737437 0.562508 0.712874 0.564920
12 0.752954 0.589764 0.777516 0.587352 0.772576 0.559057 0.748013 0.561469
1 0.507778 0.618879 0.784261 0.587594 0.774368 0.551095 0.503767 0.575963
0 0.390531 0.873777 0.961942 0.873777 0.961942 0.435128 0.390531 0.435128
