2 0.278753 0.463562 0.312984 0.463562 0.312984 0.367770 0.278753 0.367770
3 0.324721 0.457603 0.358892 0.453111 0.356347 0.357486 0.322175 0.361978
7 0.362217 0.452674 0.396388 0.448182 0.393843 0.352557 0.359671 0.357049
8 0.403364 0.447265 0.437535 0.442773 0.434990 0.347149 0.400819 0.351640
4 0.441476 0.442255 0.475647 0.437763 0.473102 0.342139 0.438931 0.346631
7 0.477692 0.437495 0.511863 0.433003 0.509318 0.337378 0.475146 0.341870
5 0.517482 0.432264 0.551653 0.427772 0.549108 0.332147 0.514937 0.336639
12 0.555860 0.427219 0.590032 0.422727 0.587486 0.327103 0.553315 0.331594
0 0.092393 0.991724 0.775119 0.991724 0.775119 0.000000 0.092393 0.000000
1 0.260393 0.477692 0.609082 0.430137 0.605935 0.316190 0.257246 0.363746
