2 0.384075 0.594786 0.397446 0.594786 0.397446 0.577265 0.384075 0.577265
2 0.400282 0.593502 0.413609 0.592422 0.412194 0.574958 0.398867 0.576038
2 0.414864 0.592320 0.428191 0.591240 0.426776 0.573776 0.413449 0.574856
3 0.430651 0.591041 0.443979 0.589961 0.442564 0.572497 0.429236 0.573577
8 0.445919 0.589804 0.459246 0.588724 0.457831 0.571260 0.444504 0.572340
10 0.458248 0.588805 0.471575 0.587725 0.470160 0.570261 0.456833 0.571341
7 0.471047 0.587768 0.484375 0.586688 0.482960 0.569224 0.469632 0.570304
5 0.483607 0.586750 0.496934 0.585670 0.495519 0.568206 0.482192 0.569286
1 0.364247 0.599957 0.514060 0.599957 0.514060 0.563562 0.364247 0.563562
0 0.329964 0.727023 0.556008 0.727023 0.556008 0.493310 0.329964 0.493310
