2 0.364374 0.439262 0.407444 0.439262 0.407444 0.397126 0.364374 0.397126
2 0.413574 0.439751 0.456641 0.440177 0.457382 0.398045 0.414316 0.397618
3 0.461267 0.440223 0.504333 0.440649 0.505075 0.398517 0.462008 0.398091
4 0.506152 0.440667 0.549218 0.441094 0.549960 0.398961 0.506893 0.398535
3 0.554949 0.441150 0.598016 0.441577 0.598757 0.399444 0.555691 0.399018
9 0.600714 0.441603 0.643780 0.442030 0.644521 0.399897 0.601455 0.399471
4 0.653394 0.442125 0.696460 0.442551 0.697201 0.400419 0.654135 0.399993
12 0.700953 0.442596 0.744019 0.443022 0.744760 0.400890 0.701694 0.400463
0 0.110486 0.855338 0.998765 0.855338 0.998765 0.240169 0.110486 0.240169
1 0.340712 0.442723 0.766773 0.447099 0.767686 0.397122 0.341625 0.392746
