2 0.244102 0.498823 0.289677 0.498823 0.289677 0.455509 0.244102 0.455509
2 0.307663 0.496439 0.353180 0.494712 0.350262 0.451453 0.304745 0.453180
2 0.368730 0.494122 0.414246 0.492395 0.411328 0.449136 0.365811 0.450863
10 0.433607 0.491660 0.479124 0.489933 0.476206 0.446674 0.430689 0.448401
8 0.492699 0.489418 0.538216 0.487690 0.535298 0.444432 0.489781 0.446159
6 0.554861 0.487059 0.600377 0.485332 0.597459 0.442073 0.551943 0.443800
7 0.601020 0.485307 0.646536 0.483580 0.643618 0.440322 0.598101 0.442049
6 0.661185 0.483024 0.706702 0.481297 0.703783 0.438039 0.658267 0.439766
1 0.233304 0.512208 0.719706 0.496831 0.716196 0.429157 0.232371 0.435233
0 0.005729 0.926903 0.997827 0.926903 0.997827 0.158618 0.005729 0.158618
