2 0.260897 0.461016 0.305038 0.463684 0.314921 0.439077 0.276709 0.434630
3 0.315757 0.464193 0.359635 0.467630 0.369166 0.442995 0.325289 0.439558
7 0.365227 0.468068 0.409104 0.471506 0.418635 0.446871 0.374758 0.443433
8 0.414020 0.471891 0.457898 0.475329 0.467429 0.450694 0.423552 0.447256
4 0.472252 0.476454 0.516130 0.479891 0.525661 0.455256 0.481784 0.451819
11 0.523258 0.480450 0.567136 0.483888 0.576667 0.459253 0.532790 0.455815
5 0.576975 0.484658 0.620852 0.488096 0.630384 0.463461 0.586506 0.460023
9 0.634901 0.489197 0.678778 0.492635 0.688309 0.467999 0.644432 0.464562
0 0.022398 0.716206 0.936759 0.716206 0.936759 0.296852 0.022398 0.296852
1 0.234657 0.462139 0.702294 0.498656 0.715009 0.465685 0.247372 0.429167
