2 0.207126 0.344491 0.257955 0.344491 0.257955 0.282431 0.207126 0.282431
2 0.274565 0.345690 0.325380 0.346587 0.327331 0.284545 0.276516 0.283648
3 0.347884 0.346984 0.398699 0.347881 0.400650 0.285839 0.349835 0.284942
9 0.416784 0.348200 0.467598 0.349097 0.469549 0.287055 0.418735 0.286158
10 0.487985 0.349457 0.538799 0.350354 0.540750 0.288312 0.489936 0.287415
10 0.558441 0.350701 0.609256 0.351598 0.611207 0.289556 0.560392 0.288659
11 0.623240 0.351845 0.674055 0.352742 0.676006 0.290700 0.625191 0.289803
8 0.701739 0.353230 0.752554 0.354127 0.754505 0.292085 0.703690 0.291188
1 0.172331 0.347913 0.788729 0.357212 0.790709 0.283559 0.174311 0.274259
0 0.019599 0.849592 0.988375 0.849592 0.988375 0.023075 0.019599 0.023075
