2 0.440553 0.619691 0.454562 0.621113 0.455309 0.582330 0.441618 0.583022
2 0.463628 0.623272 0.477632 0.624804 0.479474 0.586105 0.465470 0.584573
2 0.488295 0.625970 0.502299 0.627502 0.504141 0.588803 0.490137 0.587271
8 0.511989 0.628561 0.525993 0.630093 0.527834 0.591394 0.513830 0.589862
2 0.537382 0.631339 0.551386 0.632870 0.553228 0.594171 0.539224 0.592640
5 0.558746 0.633675 0.572750 0.635207 0.574592 0.596508 0.560588 0.594976
8 0.577616 0.635739 0.591620 0.637271 0.593462 0.598572 0.579458 0.597040
2 0.601092 0.638307 0.615096 0.639838 0.616937 0.601139 0.602934 0.599608
1 0.431757 0.628818 0.626157 0.641818 0.627582 0.580148 0.432819 0.573294
0 0.339886 0.986025 0.673998 0.986025 0.684353 0.400000 0.329809 0.392500
