2 0.400615 0.475949 0.439723 0.468604 0.429136 0.405807 0.388997 0.413152
2 0.448241 0.469840 0.487612 0.464751 0.481566 0.401141 0.442196 0.406230
5 0.496381 0.463618 0.535751 0.458529 0.529706 0.394919 0.490336 0.400008
10 0.544122 0.457447 0.583493 0.452358 0.577448 0.388749 0.538077 0.393837
2 0.589880 0.451533 0.629250 0.446444 0.623205 0.382835 0.583835 0.387923
3 0.638731 0.445219 0.678102 0.440130 0.672057 0.376521 0.632686 0.381609
6 0.685434 0.439183 0.724804 0.434094 0.718759 0.370484 0.679389 0.375573
12 0.740101 0.432117 0.779471 0.427028 0.773426 0.363419 0.734056 0.368507
0 0.003940 0.985840 1.000000 0.985840 1.000000 0.000000 0.003940 0.000000
1 0.372237 0.483553 0.802979 0.428710 0.796088 0.355095 0.365346 0.409938
