2 0.298387 0.605780 0.326675 0.605780 0.326675 0.571465 0.298387 0.571465
2 0.340605 0.603548 0.368834 0.602031 0.366158 0.567788 0.337930 0.569304
5 0.386160 0.601100 0.414389 0.599583 0.411713 0.565340 0.383485 0.566857
7 0.428392 0.598831 0.456621 0.597314 0.453946 0.563071 0.425717 0.564588
11 0.472713 0.596450 0.500942 0.594933 0.498266 0.560690 0.470038 0.562206
7 0.516536 0.594095 0.544765 0.592578 0.542090 0.558335 0.513861 0.559852
3 0.559833 0.591769 0.588062 0.590252 0.585387 0.556009 0.557158 0.557525
10 0.607663 0.589199 0.635892 0.587682 0.633217 0.553439 0.604988 0.554956
0 0.095223 0.937193 0.847109 0.937193 0.847109 0.331203 0.095223 0.331203
1 0.278584 0.615763 0.660652 0.596196 0.656680 0.542861 0.274613 0.562428
