2 0.431927 0.416307 0.453516 0.416307 0.453516 0.384403 0.431927 0.384403
2 0.463465 0.416904 0.485051 0.417311 0.485623 0.385413 0.464037 0.385006
2 0.495016 0.417499 0.516602 0.417906 0.517175 0.386008 0.495589 0.385601
4 0.526577 0.418094 0.548163 0.418501 0.548735 0.386603 0.527149 0.386196
5 0.556198 0.418653 0.577784 0.419060 0.578356 0.387161 0.556770 0.386754
4 0.585570 0.419207 0.607156 0.419614 0.607728 0.387715 0.586142 0.387308
5 0.616294 0.419786 0.637879 0.420193 0.638452 0.388295 0.616866 0.387888
12 0.647561 0.420376 0.669147 0.420783 0.669719 0.388884 0.648133 0.388477
1 0.409574 0.424627 0.685697 0.436939 0.685919 0.370749 0.411061 0.361288
0 0.283394 0.747890 0.818228 0.744741 0.824534 0.196353 0.261802 0.207491
