2 0.193380 0.618190 0.239373 0.618190 0.239373 0.548076 0.193380 0.548076
2 0.247079 0.618834 0.293068 0.619382 0.294198 0.549275 0.248209 0.548726
5 0.303505 0.619506 0.349493 0.620055 0.350623 0.549947 0.304635 0.549399
5 0.356448 0.620138 0.402437 0.620686 0.403567 0.550578 0.357578 0.550030
6 0.410063 0.620777 0.456051 0.621325 0.457181 0.551218 0.411193 0.550669
3 0.460863 0.621382 0.506852 0.621931 0.507982 0.551823 0.461993 0.551275
4 0.516565 0.622046 0.562554 0.622595 0.563684 0.552487 0.517695 0.551939
0 0.164111 0.909409 0.842857 0.909409 0.842857 0.247803 0.164111 0.247803
12 0.573160 0.622721 0.619148 0.623269 0.620279 0.553162 0.574290 0.552614
1 0.166523 0.622099 0.644691 0.628003 0.646012 0.548856 0.167844 0.542952
