2 0.335162 0.590188 0.362205 0.590188 0.362205 0.560285 0.335162 0.560285
2 0.370051 0.590859 0.397085 0.591375 0.398100 0.561482 0.371065 0.560965
11 0.402955 0.591487 0.429989 0.592003 0.431003 0.562110 0.403969 0.561594
4 0.438755 0.592171 0.465789 0.592687 0.466803 0.562793 0.439769 0.562277
6 0.475992 0.592882 0.503026 0.593398 0.504041 0.563504 0.477006 0.562988
7 0.504694 0.593430 0.531728 0.593946 0.532743 0.564052 0.505708 0.563536
9 0.540428 0.594112 0.567462 0.594628 0.568477 0.564734 0.541442 0.564218
12 0.573775 0.594748 0.600809 0.595265 0.601824 0.565371 0.574790 0.564855
0 0.137153 0.890625 0.786459 0.890625 0.786459 0.391927 0.137153 0.391927
1 0.317978 0.593697 0.616670 0.599589 0.618006 0.561483 0.319314 0.555591
