2 0.241440 0.378142 0.269412 0.378142 0.269412 0.318884 0.241440 0.318884
2 0.283319 0.375050 0.311247 0.372956 0.308752 0.313792 0.280824 0.315885
2 0.323611 0.372029 0.351539 0.369936 0.349044 0.310771 0.321116 0.312865
11 0.366021 0.368850 0.393949 0.366757 0.391455 0.307592 0.363527 0.309686
6 0.410774 0.365496 0.438702 0.363402 0.436208 0.304238 0.408280 0.306331
10 0.454350 0.362229 0.482278 0.360136 0.479783 0.300971 0.451855 0.303065
7 0.501001 0.358732 0.528929 0.356639 0.526434 0.297474 0.498506 0.299568
2 0.551327 0.354960 0.579254 0.352866 0.576760 0.293702 0.548832 0.295795
1 0.228018 0.397462 0.588666 0.357605 0.584165 0.255910 0.225403 0.305419
0 0.050991 0.934257 0.830280 0.934257 0.830280 0.007111 0.050991 0.007111
