2 0.352310 0.562549 0.384564 0.562549 0.384564 0.527288 0.352310 0.527288
3 0.400122 0.560042 0.432317 0.558331 0.429873 0.523135 0.397678 0.524846
3 0.445517 0.557630 0.477712 0.555920 0.475267 0.520724 0.443073 0.522434
10 0.489038 0.555318 0.521233 0.553608 0.518788 0.518412 0.486594 0.520122
9 0.537757 0.552730 0.569951 0.551020 0.567507 0.515824 0.535312 0.517534
10 0.584350 0.550255 0.616544 0.548545 0.614100 0.513349 0.581905 0.515059
3 0.631222 0.547765 0.663417 0.546055 0.660973 0.510859 0.628778 0.512569
9 0.675531 0.545412 0.707726 0.543701 0.705282 0.508505 0.673087 0.510216
1 0.338664 0.572856 0.717025 0.552785 0.715164 0.500164 0.349209 0.512641
0 0.007528 0.774703 0.672496 0.985387 0.995563 0.226952 0.248267 0.197492
