0 0.021019 0.995896 0.996815 0.995896 0.996815 0.008493 0.021019 0.008493
1 0.347305 0.459944 0.892510 0.539209 0.897972 0.362103 0.354495 0.293086
2 0.372611 0.431989 0.418471 0.431989 0.418471 0.332343 0.372611 0.332343
2 0.430986 0.440505 0.476591 0.446940 0.484457 0.347847 0.438851 0.341412
10 0.495600 0.449622 0.541205 0.456057 0.549070 0.356965 0.503465 0.350529
6 0.564560 0.459353 0.610166 0.465788 0.618031 0.366696 0.572426 0.360260
7 0.627324 0.468210 0.672930 0.474645 0.680795 0.375552 0.635190 0.369117
11 0.689566 0.476993 0.735171 0.483428 0.743036 0.384335 0.697431 0.377900
4 0.751287 0.485702 0.796892 0.492137 0.804758 0.393045 0.759152 0.386609
4 0.829815 0.496783 0.875420 0.503218 0.883285 0.404126 0.837680 0.397690
