2 0.314661 0.563110 0.346842 0.563110 0.346842 0.527584 0.314661 0.527584
2 0.359880 0.564697 0.392026 0.565811 0.394263 0.530324 0.362117 0.529210
5 0.404962 0.566259 0.437108 0.567374 0.439346 0.531887 0.407199 0.530772
6 0.451897 0.567886 0.484043 0.569000 0.486281 0.533513 0.454134 0.532399
8 0.491861 0.569271 0.524008 0.570386 0.526245 0.534899 0.494099 0.533784
3 0.533386 0.570711 0.565532 0.571825 0.567770 0.536338 0.535623 0.535224
9 0.577030 0.572223 0.609176 0.573338 0.611414 0.537851 0.579267 0.536736
8 0.628958 0.574023 0.661104 0.575137 0.663342 0.539650 0.631195 0.538536
1 0.291188 0.566078 0.681758 0.580030 0.684629 0.535844 0.294059 0.521892
0 0.083595 0.944380 0.886629 0.944380 0.886629 0.347488 0.083595 0.347488
