2 0.302528 0.552133 0.337282 0.552133 0.337282 0.517773 0.302528 0.517773
2 0.346575 0.550698 0.381295 0.549553 0.379283 0.515226 0.344563 0.516371
7 0.388218 0.549325 0.422939 0.548180 0.420927 0.513853 0.386206 0.514998
3 0.433155 0.547843 0.467876 0.546699 0.465864 0.512372 0.431143 0.513516
2 0.473873 0.546501 0.508594 0.545356 0.506582 0.511029 0.471862 0.512174
10 0.516861 0.545084 0.551581 0.543939 0.549570 0.509612 0.514849 0.510757
4 0.553984 0.543860 0.588704 0.542715 0.586692 0.508388 0.551972 0.509533
0 0.019747 0.924171 0.932859 0.924171 0.932859 0.267773 0.019747 0.267773
12 0.602171 0.543655 0.636892 0.542511 0.634880 0.508184 0.600159 0.509328
1 0.282650 0.556001 0.657083 0.544265 0.654845 0.504097 0.280411 0.515833
