2 0.405753 0.498762 0.428246 0.498762 0.428246 0.469895 0.405753 0.469895
2 0.433354 0.498919 0.455847 0.499046 0.456044 0.470180 0.433552 0.470052
10 0.459516 0.499067 0.482009 0.499194 0.482206 0.470328 0.459714 0.470200
6 0.487043 0.499223 0.509536 0.499350 0.509733 0.470484 0.487241 0.470356
7 0.513727 0.499374 0.536219 0.499501 0.536417 0.470635 0.513924 0.470507
11 0.540234 0.499524 0.562727 0.499651 0.562924 0.470785 0.540432 0.470657
4 0.569083 0.499687 0.591576 0.499815 0.591773 0.470948 0.569281 0.470821
12 0.596768 0.499844 0.619260 0.499971 0.619458 0.471105 0.596965 0.470978
1 0.398516 0.506587 0.622619 0.506587 0.622619 0.462325 0.398516 0.462325
0 0.559754 0.937370 0.906276 0.390673 0.384592 0.143636 0.068147 0.635724
