2 0.357608 0.464486 0.380083 0.464486 0.380083 0.437975 0.357608 0.437975
2 0.383937 0.464657 0.406411 0.464802 0.406677 0.438291 0.384203 0.438146
4 0.408711 0.464817 0.431184 0.464962 0.431450 0.438451 0.408977 0.438306
6 0.433090 0.464974 0.455564 0.465119 0.455830 0.438608 0.433356 0.438463
8 0.457082 0.465129 0.479555 0.465274 0.479821 0.438763 0.457348 0.438618
3 0.480133 0.465278 0.502607 0.465423 0.502873 0.438912 0.480399 0.438767
10 0.504877 0.465438 0.527351 0.465583 0.527617 0.439072 0.505143 0.438927
12 0.531537 0.465610 0.554010 0.465755 0.554276 0.439244 0.531803 0.439099
1 0.350347 0.475664 0.561614 0.475664 0.561614 0.430796 0.350347 0.430796
0 0.244041 0.652459 0.664603 0.652459 0.664603 0.333545 0.244041 0.333545
