2 0.204580 0.383630 0.254237 0.383630 0.254237 0.316972 0.204580 0.316972
3 0.266381 0.386027 0.315995 0.387928 0.319018 0.321327 0.269404 0.319426
4 0.330521 0.388484 0.380135 0.390385 0.383158 0.323784 0.333544 0.321884
7 0.393761 0.390907 0.443375 0.392807 0.446398 0.326207 0.396784 0.324306
8 0.461669 0.393508 0.511283 0.395409 0.514306 0.328808 0.464692 0.326908
11 0.525816 0.395966 0.575430 0.397866 0.578453 0.331266 0.528839 0.329365
2 0.589675 0.398412 0.639289 0.400313 0.642313 0.333712 0.592699 0.331812
0 0.006108 0.999750 0.987786 0.999750 0.987786 0.000000 0.006108 0.000000
12 0.663279 0.401232 0.712893 0.403132 0.715916 0.336532 0.666303 0.334631
1 0.170483 0.388669 0.743252 0.411298 0.747055 0.330057 0.174286 0.307428
