2 0.447317 0.492027 0.455329 0.492027 0.455329 0.479396 0.447317 0.479396
2 0.458505 0.491006 0.466483 0.490258 0.465322 0.477681 0.457345 0.478429
4 0.469010 0.490022 0.476988 0.489274 0.475827 0.476697 0.467850 0.477444
5 0.479055 0.489080 0.487032 0.488333 0.485872 0.475755 0.477895 0.476503
8 0.489541 0.488098 0.497519 0.487350 0.496358 0.474773 0.488381 0.475520
9 0.499486 0.487166 0.507463 0.486418 0.506303 0.473841 0.498325 0.474588
10 0.510066 0.486174 0.518043 0.485426 0.516883 0.472849 0.508906 0.473597
5 0.520256 0.485219 0.528233 0.484472 0.527073 0.471894 0.519096 0.472642
0 0.401531 0.591616 0.582857 0.591616 0.582857 0.419264 0.401531 0.419264
1 0.442721 0.495229 0.533361 0.486458 0.531721 0.469247 0.441082 0.478018
