2 0.345294 0.455040 0.390474 0.455040 0.390474 0.403356 0.345294 0.403356
3 0.412949 0.460127 0.449610 0.460127 0.449610 0.406004 0.412949 0.406004
5 0.472830 0.456731 0.516418 0.456731 0.516418 0.404407 0.472830 0.404407
9 0.533207 0.451220 0.581509 0.451220 0.581509 0.399146 0.533207 0.399146
11 0.601636 0.453916 0.650943 0.453916 0.650943 0.397925 0.601636 0.397925
6 0.669057 0.457831 0.714340 0.457831 0.714340 0.398066 0.669057 0.398066
8 0.730943 0.456462 0.780755 0.456462 0.780755 0.396038 0.730943 0.396038
5 0.800377 0.462076 0.859245 0.462076 0.859245 0.409010 0.800377 0.409010
0 0.000000 1.000000 1.000000 1.000000 1.000000 0.041943 0.000000 0.041943
1 0.314345 0.465574 0.890081 0.466123 0.890207 0.392181 0.314471 0.391632
