2 0.304076 0.466304 0.339130 0.466304 0.339130 0.398913 0.304076 0.398913
2 0.344270 0.466615 0.379323 0.466886 0.379616 0.399496 0.344562 0.399225
6 0.389489 0.466964 0.424543 0.467235 0.424835 0.399845 0.389782 0.399575
5 0.434517 0.467312 0.469570 0.467583 0.469863 0.400193 0.434810 0.399923
3 0.481575 0.467676 0.516628 0.467947 0.516921 0.400557 0.481868 0.400286
6 0.523928 0.468003 0.558981 0.468274 0.559274 0.400884 0.524221 0.400613
8 0.574272 0.468392 0.609325 0.468663 0.609618 0.401273 0.574565 0.401002
11 0.623219 0.468770 0.658273 0.469041 0.658566 0.401651 0.623512 0.401381
1 0.288423 0.479281 0.675850 0.479281 0.675850 0.374747 0.288423 0.374747
0 0.089269 0.995181 0.903846 0.998487 0.946001 0.004959 0.114066 0.001653
