0 0.014265 0.956563 0.992867 0.956563 0.992867 0.021375 0.014265 0.021375
1 0.257107 0.381578 0.785241 0.361947 0.789335 0.280969 0.259563 0.293238
2 0.279576 0.368731 0.323823 0.368731 0.323823 0.317732 0.279576 0.317732
2 0.342865 0.365050 0.386974 0.362429 0.381591 0.311589 0.337483 0.314211
3 0.403574 0.361442 0.447682 0.358821 0.442300 0.307981 0.398191 0.310603
9 0.461941 0.357973 0.506049 0.355352 0.500667 0.304513 0.456558 0.307134
10 0.517626 0.354664 0.561734 0.352043 0.556352 0.301204 0.512244 0.303825
10 0.575203 0.351242 0.619312 0.348621 0.613929 0.297782 0.569821 0.300403
11 0.625761 0.348238 0.669870 0.345617 0.664487 0.294777 0.620379 0.297399
8 0.694970 0.344125 0.739078 0.341504 0.733696 0.290664 0.689588 0.293286
