12 0.323416 0.315180 0.345468 0.315180 0.345468 0.275036 0.323416 0.275036
2 0.355390 0.318586 0.377316 0.320843 0.381779 0.280928 0.359853 0.278671
10 0.393141 0.322472 0.415067 0.324729 0.419531 0.284814 0.397604 0.282557
7 0.432879 0.326562 0.454805 0.328819 0.459268 0.288904 0.437342 0.286647
5 0.474504 0.330846 0.496431 0.333103 0.500894 0.293188 0.478967 0.290931
3 0.513524 0.334862 0.535450 0.337119 0.539913 0.297204 0.517987 0.294947
9 0.553890 0.339017 0.575816 0.341274 0.580279 0.301359 0.558353 0.299102
9 0.592511 0.342992 0.614437 0.345249 0.618900 0.305334 0.596974 0.303077
0 0.006862 0.713253 0.841768 0.713253 0.841768 0.006584 0.006862 0.006584
1 0.300344 0.319888 0.631296 0.354728 0.637703 0.298703 0.306751 0.263863
