2 0.212738 0.519467 0.258240 0.517839 0.258430 0.464896 0.210904 0.464907
2 0.273943 0.519531 0.319489 0.520167 0.320804 0.467233 0.275258 0.466597
9 0.336643 0.520407 0.382189 0.521043 0.383504 0.468109 0.337958 0.467473
8 0.399067 0.521279 0.444613 0.521915 0.445927 0.468981 0.400381 0.468345
5 0.529217 0.523097 0.574763 0.523733 0.576078 0.470799 0.530532 0.470163
10 0.463176 0.522174 0.508722 0.522811 0.510036 0.469877 0.464490 0.469240
4 0.587260 0.523908 0.632806 0.524544 0.634121 0.471610 0.588575 0.470974
0 0.012698 0.973809 0.971428 0.973809 0.971428 0.111905 0.012698 0.111905
12 0.654366 0.524845 0.699911 0.525481 0.701226 0.472547 0.655680 0.471911
1 0.179929 0.522824 0.729201 0.531027 0.730872 0.468105 0.181600 0.459902
