7 0.575590 0.554775 0.611903 0.554775 0.611903 0.514616 0.575590 0.514616
5 0.520288 0.550458 0.556396 0.553351 0.562084 0.513420 0.525976 0.510527
11 0.468153 0.546281 0.504261 0.549174 0.509949 0.509242 0.473841 0.506349
9 0.418836 0.543162 0.454944 0.546055 0.460632 0.506123 0.424524 0.503230
5 0.366899 0.548601 0.403006 0.551494 0.408694 0.511563 0.372586 0.508670
2 0.315417 0.550109 0.351524 0.553002 0.357212 0.513070 0.321105 0.510177
2 0.265364 0.547873 0.301471 0.550766 0.307506 0.508402 0.271398 0.505509
7 0.630118 0.559258 0.666226 0.562151 0.671914 0.522219 0.635806 0.519326
1 0.245703 0.567604 0.684692 0.567604 0.684692 0.493582 0.245703 0.493582
0 0.012936 0.943702 0.928839 0.943702 0.928839 0.282120 0.012936 0.282120
