2 0.349681 0.540694 0.401486 0.540694 0.401486 0.443312 0.349681 0.443312
2 0.407927 0.552634 0.459181 0.562681 0.469804 0.466334 0.418550 0.456288
10 0.469754 0.564753 0.521008 0.574799 0.531631 0.478453 0.480377 0.468406
6 0.534064 0.577358 0.585318 0.587405 0.595940 0.491058 0.544686 0.481012
7 0.595222 0.589346 0.646476 0.599392 0.657098 0.503046 0.605844 0.492999
11 0.661564 0.602350 0.712818 0.612396 0.723441 0.516049 0.672187 0.506003
4 0.725614 0.614904 0.776869 0.624950 0.787491 0.528604 0.736237 0.518558
4 0.793401 0.628191 0.844655 0.638237 0.855278 0.541891 0.804024 0.531844
1 0.323798 0.562584 0.872538 0.664427 0.864828 0.488276 0.328971 0.388791
0 0.032909 0.994763 0.997665 0.994763 0.997665 0.016419 0.032909 0.016419
