2 0.088258 0.861862 0.178093 0.861862 0.178093 0.754137 0.088258 0.754137
2 0.185072 0.861267 0.274904 0.860713 0.273723 0.752992 0.183891 0.753546
12 0.294820 0.860591 0.384652 0.860037 0.383472 0.752316 0.293640 0.752869
7 0.389715 0.860006 0.479547 0.859452 0.478367 0.751731 0.388535 0.752284
2 0.482032 0.859437 0.571863 0.858883 0.570683 0.751162 0.480851 0.751715
11 0.575018 0.858864 0.664850 0.858310 0.663669 0.750589 0.573837 0.751142
3 0.670278 0.858276 0.760110 0.857723 0.758930 0.750001 0.669098 0.750555
9 0.779948 0.857601 0.869780 0.857047 0.868600 0.749325 0.778768 0.749879
1 0.026793 0.906619 0.948779 0.906619 0.948779 0.685579 0.026793 0.685579
0 0.012609 0.990544 0.994484 0.990544 0.994484 0.384160 0.012609 0.384160
