2 0.282361 0.404054 0.314176 0.404054 0.314176 0.341484 0.282361 0.341484
3 0.323996 0.403433 0.355809 0.402957 0.355282 0.340391 0.323469 0.340867
6 0.364926 0.402821 0.396739 0.402345 0.396212 0.339779 0.364399 0.340255
11 0.401888 0.402268 0.433701 0.401792 0.433175 0.339226 0.401362 0.339702
2 0.438927 0.401713 0.470740 0.401237 0.470214 0.338671 0.438401 0.339147
11 0.480255 0.401095 0.512068 0.400619 0.511542 0.338053 0.479729 0.338529
8 0.524340 0.400436 0.556153 0.399960 0.555626 0.337394 0.523813 0.337869
12 0.569760 0.399756 0.601573 0.399280 0.601047 0.336714 0.569234 0.337190
1 0.269773 0.413783 0.614692 0.413783 0.614692 0.326119 0.269773 0.326119
0 0.094504 0.942789 0.808500 0.942789 0.808500 0.017039 0.094504 0.017039
