2 0.199883 0.586508 0.243690 0.599436 0.244776 0.529769 0.202790 0.524162
2 0.252777 0.601344 0.297104 0.610602 0.305192 0.541759 0.260865 0.532502
10 0.310720 0.613445 0.355047 0.622703 0.363134 0.553860 0.318808 0.544603
6 0.367225 0.625246 0.411552 0.634504 0.419639 0.565661 0.375312 0.556404
7 0.422804 0.636854 0.467131 0.646112 0.475218 0.577269 0.430892 0.568011
11 0.479658 0.648728 0.523985 0.657985 0.532072 0.589143 0.487746 0.579885
4 0.531943 0.659647 0.576270 0.668905 0.584358 0.600062 0.540031 0.590805
4 0.588389 0.671436 0.632716 0.680694 0.640804 0.611851 0.596477 0.602593
0 0.000000 0.988569 0.889474 0.965614 0.889474 0.065965 0.000000 0.034716
1 0.153971 0.596356 0.670329 0.704077 0.681977 0.604817 0.165619 0.497096
