2 0.242656 0.489100 0.275739 0.487264 0.275739 0.444118 0.242284 0.445994
5 0.330769 0.486165 0.328227 0.441454 0.294797 0.442890 0.297339 0.487601
7 0.378997 0.484094 0.376455 0.439383 0.343025 0.440819 0.345567 0.485530
7 0.431652 0.481833 0.429110 0.437122 0.395680 0.438558 0.398222 0.483268
2 0.482846 0.473671 0.480304 0.428960 0.446874 0.430396 0.449416 0.475107
5 0.534451 0.470321 0.531909 0.425610 0.498479 0.427045 0.501021 0.471756
8 0.586444 0.467492 0.583902 0.422781 0.550473 0.424217 0.553015 0.468927
10 0.639591 0.472903 0.637049 0.428192 0.603619 0.429628 0.606161 0.474339
0 0.158797 0.893957 0.830964 0.893957 0.845741 0.100141 0.156022 0.101551
1 0.208240 0.508506 0.676841 0.481462 0.671104 0.406374 0.202503 0.433418
