2 0.337719 0.469097 0.356735 0.469097 0.356735 0.404297 0.337719 0.404297
3 0.364735 0.468837 0.383751 0.468653 0.383625 0.403854 0.364609 0.404037
7 0.391044 0.468583 0.410060 0.468399 0.409934 0.403600 0.390918 0.403783
8 0.418589 0.468317 0.437605 0.468133 0.437478 0.403334 0.418462 0.403517
4 0.443635 0.468075 0.462651 0.467891 0.462524 0.403092 0.443509 0.403276
7 0.470246 0.467818 0.489262 0.467635 0.489135 0.402835 0.470120 0.403019
5 0.497836 0.467552 0.516852 0.467368 0.516726 0.402569 0.497710 0.402752
0 0.205230 0.972002 0.671790 0.972002 0.671790 0.023948 0.205230 0.023948
12 0.523114 0.467308 0.542130 0.467124 0.542003 0.402325 0.522987 0.402508
1 0.325427 0.479275 0.554439 0.479625 0.554465 0.395055 0.325453 0.394705
