0 0.262525 0.946728 0.981241 0.791676 0.755298 0.124041 0.017215 0.213424
2 0.268525 0.452151 0.303835 0.452151 0.303835 0.402977 0.268525 0.402977
2 0.310238 0.452856 0.345541 0.453448 0.346689 0.404284 0.311386 0.403691
6 0.348746 0.453502 0.384050 0.454095 0.385198 0.404930 0.349895 0.404338
5 0.396711 0.454307 0.432014 0.454899 0.433162 0.405735 0.397859 0.405143
10 0.442152 0.455070 0.477455 0.455662 0.478603 0.406498 0.443300 0.405905
7 0.486234 0.455809 0.521537 0.456402 0.522685 0.407237 0.487382 0.406645
10 0.535483 0.456636 0.570786 0.457228 0.571934 0.408064 0.536631 0.407471
2 0.588325 0.457523 0.623628 0.458115 0.624776 0.408951 0.589473 0.408358
1 0.245055 0.457833 0.645276 0.468364 0.647574 0.405603 0.247353 0.395072
