2 0.262218 0.368172 0.286562 0.368172 0.286562 0.324585 0.262218 0.324585
2 0.292004 0.372173 0.316232 0.375342 0.319424 0.331963 0.295196 0.328794
7 0.321932 0.376088 0.346160 0.379257 0.349352 0.335878 0.325124 0.332709
5 0.353993 0.380281 0.378221 0.383450 0.381412 0.340072 0.357185 0.336902
3 0.384319 0.384248 0.408547 0.387417 0.411738 0.344038 0.387511 0.340869
4 0.414366 0.388178 0.438594 0.391347 0.441786 0.347969 0.417558 0.344800
7 0.444124 0.392071 0.468352 0.395240 0.471544 0.351861 0.447316 0.348692
12 0.477116 0.396386 0.501344 0.399555 0.504536 0.356177 0.480308 0.353008
1 0.244190 0.374570 0.513294 0.407946 0.517483 0.347909 0.248378 0.314533
0 0.000000 0.827487 0.686968 0.827487 0.686968 0.038612 0.000000 0.038612
