12 0.376631 0.411607 0.406582 0.411607 0.406582 0.343666 0.376631 0.343666
2 0.418425 0.411448 0.448376 0.411335 0.448231 0.343394 0.418280 0.343508
7 0.460884 0.411287 0.490835 0.411173 0.490690 0.343233 0.460739 0.343346
7 0.628214 0.410652 0.658165 0.410538 0.658020 0.342597 0.628069 0.342711
5 0.502081 0.411131 0.532032 0.411017 0.531887 0.343076 0.501936 0.343190
3 0.544546 0.410969 0.574497 0.410856 0.574352 0.342915 0.544401 0.343029
4 0.588288 0.410803 0.618238 0.410690 0.618093 0.342749 0.588142 0.342863
10 0.674906 0.410474 0.704857 0.410361 0.704712 0.342420 0.674761 0.342534
0 0.002336 0.994764 0.998514 0.994764 0.998514 0.000567 0.002336 0.000567
1 0.357056 0.424099 0.725528 0.415097 0.724319 0.327127 0.355847 0.336130
