2 0.388092 0.650089 0.416713 0.650089 0.416713 0.613359 0.388092 0.613359
8 0.674316 0.644442 0.702927 0.643877 0.701637 0.607160 0.673026 0.607725
4 0.629882 0.645320 0.658493 0.644755 0.657204 0.608038 0.628593 0.608603
10 0.590538 0.646097 0.619149 0.645532 0.617860 0.608815 0.589248 0.609380
2 0.429977 0.649268 0.458588 0.648703 0.457299 0.611986 0.428688 0.612551
2 0.549656 0.646904 0.578267 0.646339 0.576978 0.609622 0.548367 0.610187
7 0.464942 0.648578 0.493553 0.648012 0.492264 0.611295 0.463653 0.611860
3 0.510867 0.647670 0.539478 0.647105 0.538189 0.610388 0.509578 0.610953
1 0.382029 0.652818 0.707067 0.652818 0.707067 0.599218 0.382029 0.599218
0 0.034453 0.997630 0.959715 0.997630 0.959715 0.396919 0.034453 0.396919
