2 0.459430 0.609769 0.479237 0.609769 0.479237 0.590245 0.459430 0.590245
2 0.482726 0.609387 0.502528 0.609060 0.501909 0.589541 0.482107 0.589868
4 0.504686 0.609024 0.524488 0.608697 0.523869 0.589178 0.504067 0.589505
12 0.528123 0.610962 0.542486 0.610962 0.542486 0.591627 0.528123 0.591627
8 0.546411 0.608335 0.566213 0.608008 0.565594 0.588489 0.545792 0.588816
9 0.567889 0.607980 0.587691 0.607653 0.587072 0.588134 0.567270 0.588461
10 0.590260 0.607611 0.610062 0.607284 0.609443 0.587765 0.589641 0.588092
5 0.613442 0.607228 0.633244 0.606901 0.632625 0.587382 0.612823 0.587709
1 0.449121 0.613620 0.643816 0.610278 0.642942 0.583761 0.448247 0.587103
0 0.370946 0.764624 0.730739 0.764624 0.730739 0.519807 0.370946 0.519807
