2 0.191823 0.367701 0.250229 0.367701 0.250229 0.303802 0.191823 0.303802
3 0.264592 0.371640 0.322868 0.374737 0.328236 0.310980 0.269960 0.307883
4 0.350657 0.376214 0.408932 0.379311 0.414300 0.315554 0.356025 0.312457
7 0.432206 0.380548 0.490481 0.383645 0.495849 0.319888 0.437574 0.316791
8 0.512364 0.384808 0.570640 0.387905 0.576008 0.324148 0.517732 0.321051
11 0.586615 0.388754 0.644891 0.391851 0.650259 0.328094 0.591983 0.324997
2 0.668445 0.393102 0.726721 0.396199 0.732089 0.332443 0.673813 0.329346
12 0.752174 0.397552 0.810450 0.400649 0.815818 0.336893 0.757542 0.333796
0 0.013133 0.959639 0.996993 0.959639 0.996993 0.021166 0.013133 0.021166
1 0.148385 0.370853 0.847337 0.409121 0.854084 0.331333 0.155133 0.293065
