2 0.069611 0.868545 0.153540 0.868545 0.153540 0.758359 0.069611 0.758359
2 0.172199 0.864721 0.256021 0.861540 0.248595 0.751495 0.164773 0.754677
10 0.275693 0.860793 0.359514 0.857611 0.352089 0.747567 0.268267 0.750749
7 0.374817 0.857030 0.458639 0.853849 0.451213 0.743804 0.367392 0.746986
2 0.468425 0.853477 0.552247 0.850296 0.544821 0.740251 0.460999 0.743433
11 0.565221 0.849803 0.649043 0.846622 0.641617 0.736577 0.557796 0.739759
3 0.664839 0.846022 0.748661 0.842841 0.741236 0.732796 0.657414 0.735978
12 0.776002 0.841803 0.859824 0.838621 0.852398 0.728577 0.768577 0.731758
0 0.003241 0.997241 1.000000 0.997241 1.000000 0.329664 0.003241 0.329664
1 0.023711 0.893626 0.909361 0.860599 0.898701 0.699811 0.013051 0.732839
