2 0.494745 0.410233 0.530658 0.414521 0.535483 0.356631 0.500641 0.348769
2 0.534999 0.414920 0.570790 0.420753 0.576089 0.362937 0.540299 0.357104
8 0.576883 0.421746 0.612674 0.427579 0.617973 0.369762 0.582183 0.363930
11 0.614849 0.427933 0.650639 0.433766 0.655939 0.375950 0.620149 0.370117
6 0.655756 0.434600 0.691547 0.440432 0.696847 0.382616 0.661056 0.376783
10 0.690927 0.440331 0.726717 0.446164 0.732017 0.388347 0.696227 0.382515
10 0.725654 0.445990 0.761444 0.451823 0.766744 0.394007 0.730954 0.388174
6 0.768889 0.453036 0.804680 0.458869 0.809979 0.401052 0.774189 0.395220
0 0.269022 0.989130 0.999457 0.921739 0.988859 0.086957 0.313859 0.092391
1 0.465603 0.419486 0.831150 0.478933 0.839299 0.389852 0.473752 0.330404
