2 0.189666 0.538318 0.238013 0.538318 0.238013 0.486080 0.189666 0.486080
2 0.255213 0.540664 0.303506 0.542370 0.306785 0.490190 0.258491 0.488484
9 0.323528 0.543078 0.371822 0.544785 0.375100 0.492605 0.326807 0.490898
8 0.390249 0.545436 0.438542 0.547143 0.441821 0.494963 0.393527 0.493256
10 0.455824 0.547754 0.504117 0.549461 0.507396 0.497281 0.459102 0.495574
5 0.524669 0.550187 0.572963 0.551894 0.576241 0.499714 0.527948 0.498007
4 0.589318 0.552472 0.637611 0.554179 0.640890 0.501999 0.592597 0.500292
1 0.166375 0.546440 0.726731 0.566850 0.733534 0.487528 0.172365 0.468830
0 0.000000 0.974810 0.998936 0.974810 0.998936 0.121585 0.000000 0.121585
12 0.659454 0.554951 0.707747 0.556658 0.711026 0.504478 0.662732 0.502771
