2 0.378543 0.465732 0.397410 0.463382 0.396372 0.405909 0.376660 0.407489
2 0.401020 0.463259 0.419900 0.461538 0.418839 0.404067 0.399959 0.405788
9 0.421918 0.461354 0.440799 0.459632 0.439738 0.402161 0.420857 0.403883
11 0.444801 0.459267 0.463681 0.457546 0.462620 0.400075 0.443740 0.401796
8 0.467028 0.457240 0.485909 0.455519 0.484847 0.398048 0.465967 0.399770
10 0.488925 0.455244 0.507805 0.453522 0.506744 0.396052 0.487863 0.397773
2 0.509808 0.453340 0.528688 0.451618 0.527627 0.394147 0.508746 0.395869
1 0.369668 0.482933 0.555527 0.458803 0.553939 0.371021 0.367942 0.380768
0 0.197286 0.978891 0.662317 0.998608 0.672234 0.034795 0.195584 0.087627
12 0.531611 0.451352 0.550492 0.449630 0.549431 0.392159 0.530550 0.393881
