2 0.295022 0.596538 0.332750 0.596538 0.332750 0.557573 0.295022 0.557573
2 0.345270 0.599802 0.382863 0.602192 0.387251 0.563366 0.349658 0.560976
2 0.391487 0.602740 0.429081 0.605130 0.433468 0.566304 0.395875 0.563914
7 0.445002 0.606142 0.482595 0.608532 0.486983 0.569706 0.449390 0.567316
10 0.495055 0.609324 0.532648 0.611714 0.537036 0.572888 0.499442 0.570498
8 0.538358 0.612077 0.575951 0.614467 0.580339 0.575641 0.542746 0.573251
7 0.581401 0.614813 0.618994 0.617203 0.623382 0.578377 0.585789 0.575987
4 0.622643 0.617435 0.660237 0.619824 0.664624 0.580999 0.627031 0.578609
1 0.281415 0.609062 0.664263 0.643853 0.674159 0.575200 0.286363 0.541337
0 0.023020 0.964675 0.871876 0.973307 0.851734 0.377669 0.129487 0.343139
