2 0.403673 0.477713 0.417636 0.472517 0.413761 0.437019 0.400915 0.443338
2 0.422070 0.472926 0.436121 0.468567 0.432598 0.432588 0.418547 0.436947
4 0.441650 0.466851 0.455702 0.462492 0.452179 0.426513 0.438127 0.430872
5 0.459595 0.461284 0.473647 0.456925 0.470124 0.420945 0.456072 0.425305
8 0.479600 0.455078 0.493651 0.450718 0.490128 0.414739 0.476077 0.419099
9 0.497892 0.449403 0.511944 0.445043 0.508421 0.409064 0.494369 0.413423
10 0.517129 0.443434 0.531180 0.439075 0.527657 0.403096 0.513606 0.407455
5 0.537550 0.437099 0.551602 0.432739 0.548079 0.396760 0.534027 0.401120
0 0.347237 0.858704 0.684950 0.744091 0.616729 0.177532 0.296928 0.289754
1 0.393040 0.509444 0.567550 0.455907 0.558742 0.364929 0.384231 0.418466
