6 0.595087 0.438106 0.614897 0.438106 0.614897 0.380348 0.595087 0.380348
5 0.592046 0.379453 0.572388 0.375108 0.568379 0.432425 0.588038 0.436770
10 0.568397 0.374226 0.548739 0.369880 0.544730 0.427197 0.564389 0.431543
4 0.542889 0.368587 0.523231 0.364242 0.519222 0.421559 0.538880 0.425904
5 0.519336 0.363381 0.499678 0.359036 0.495669 0.416352 0.515328 0.420698
5 0.495389 0.358088 0.475730 0.353742 0.471722 0.411059 0.491380 0.415404
4 0.471882 0.352892 0.452224 0.348546 0.448215 0.405863 0.467874 0.410208
2 0.446234 0.347222 0.426575 0.342876 0.422566 0.400193 0.442225 0.404539
0 0.199684 0.870575 0.762282 0.870575 0.762282 0.029583 0.199684 0.029583
1 0.410583 0.404478 0.625759 0.450419 0.630643 0.378114 0.415468 0.332173
