0 0.030627 0.914945 0.957564 0.914945 0.957564 0.134502 0.030627 0.134502
2 0.247959 0.495638 0.297282 0.495638 0.297282 0.433943 0.247959 0.433943
2 0.308728 0.490243 0.357679 0.485708 0.347596 0.424479 0.298645 0.429013
5 0.359703 0.485521 0.408654 0.480986 0.398570 0.419757 0.349619 0.424291
6 0.420109 0.479925 0.469060 0.475391 0.458976 0.414161 0.410025 0.418695
7 0.476980 0.474657 0.525931 0.470122 0.515847 0.408893 0.466896 0.413427
5 0.530054 0.469740 0.579005 0.465206 0.568922 0.403976 0.519971 0.408511
12 0.584824 0.464667 0.633775 0.460132 0.623692 0.398902 0.574741 0.403437
12 0.645509 0.459045 0.694460 0.454510 0.684377 0.393281 0.635426 0.397815
1 0.222867 0.510957 0.728041 0.467934 0.715489 0.385031 0.210315 0.428054
