2 0.413950 0.442416 0.443873 0.442416 0.443873 0.408119 0.413950 0.408119
2 0.455618 0.441578 0.485530 0.440971 0.484295 0.406687 0.454383 0.407293
8 0.500172 0.440674 0.530084 0.440068 0.528848 0.405784 0.498936 0.406390
11 0.540327 0.439860 0.570240 0.439254 0.569004 0.404970 0.539092 0.405576
6 0.584180 0.438971 0.614092 0.438365 0.612856 0.404081 0.582944 0.404687
10 0.625809 0.438128 0.655721 0.437521 0.654486 0.403237 0.624574 0.403843
10 0.667372 0.437285 0.697284 0.436679 0.696049 0.402394 0.666137 0.403001
9 0.710102 0.436419 0.740014 0.435812 0.738779 0.401528 0.708867 0.402134
0 0.209597 0.743796 0.953558 0.743796 0.953558 0.197068 0.209597 0.197068
1 0.395223 0.448939 0.760124 0.440705 0.758033 0.392478 0.397314 0.399536
