9 0.771479 0.397409 0.683576 0.397409 0.683576 0.507085 0.771479 0.507085
5 0.584325 0.507085 0.672228 0.507085 0.672228 0.397409 0.584325 0.397409
7 0.484138 0.507085 0.572041 0.507085 0.572041 0.397409 0.484138 0.397409
6 0.376460 0.507085 0.464363 0.507085 0.464363 0.397409 0.376460 0.397409
5 0.265037 0.507085 0.352940 0.507085 0.352940 0.397409 0.265037 0.397409
2 0.161105 0.507085 0.249008 0.507085 0.249008 0.397409 0.161105 0.397409
2 0.061798 0.507085 0.149701 0.507085 0.149701 0.397409 0.061798 0.397409
12 0.797808 0.507085 0.885711 0.507085 0.885711 0.397409 0.797808 0.397409
0 0.001872 0.987360 0.986892 0.987360 0.986892 0.011236 0.001872 0.011236
1 0.012637 0.544033 0.937699 0.534864 0.935088 0.386715 0.010026 0.395884
