2 0.441412 0.484214 0.430991 0.484214 0.430991 0.499553 0.441412 0.499553
2 0.446173 0.499167 0.456556 0.498265 0.455268 0.482982 0.444885 0.483884
7 0.461519 0.497834 0.471902 0.496932 0.470613 0.481649 0.460230 0.482551
7 0.475613 0.496610 0.485996 0.495708 0.484708 0.480425 0.474325 0.481327
7 0.488513 0.495489 0.498896 0.494587 0.497608 0.479304 0.487225 0.480206
11 0.500903 0.494413 0.511286 0.493511 0.509997 0.478228 0.499614 0.479130
11 0.514359 0.493244 0.524742 0.492342 0.523454 0.477059 0.513071 0.477961
12 0.528020 0.492057 0.538403 0.491155 0.537115 0.475872 0.526732 0.476774
1 0.424763 0.503027 0.545688 0.492231 0.543945 0.472115 0.423020 0.482912
0 0.361613 0.679259 0.605435 0.633023 0.608474 0.401442 0.358524 0.401442
