2 0.361851 0.492286 0.394460 0.492286 0.394460 0.430575 0.361851 0.430575
2 0.404293 0.494437 0.436879 0.496071 0.438619 0.434404 0.406033 0.432769
2 0.446894 0.496573 0.479480 0.498208 0.481220 0.436540 0.448634 0.434906
4 0.487473 0.498609 0.520059 0.500243 0.521798 0.438576 0.489212 0.436941
5 0.525347 0.500508 0.557933 0.502143 0.559673 0.440475 0.527087 0.438841
4 0.563103 0.502402 0.595689 0.504036 0.597428 0.442369 0.564842 0.440735
5 0.602690 0.504388 0.635276 0.506022 0.637016 0.444355 0.604430 0.442720
12 0.647126 0.506616 0.679712 0.508251 0.681452 0.446583 0.648866 0.444949
1 0.350395 0.504847 0.693281 0.513757 0.694513 0.432328 0.351273 0.422491
0 0.155494 0.994194 0.858327 0.994194 0.858327 0.133548 0.155494 0.133548
