2 0.403608 0.505996 0.425074 0.505996 0.425074 0.476055 0.403608 0.476055
2 0.426556 0.506543 0.448016 0.507051 0.448733 0.477118 0.427273 0.476611
5 0.450010 0.507098 0.471470 0.507606 0.472186 0.477673 0.450726 0.477165
6 0.470943 0.507593 0.492402 0.508101 0.493119 0.478168 0.471659 0.477661
7 0.492661 0.508107 0.514121 0.508614 0.514838 0.478682 0.493378 0.478174
5 0.514391 0.508621 0.535851 0.509129 0.536567 0.479196 0.515108 0.478688
9 0.537162 0.509160 0.558622 0.509667 0.559339 0.479735 0.537879 0.479227
12 0.560609 0.509714 0.582069 0.510222 0.582786 0.480289 0.561326 0.479782
0 0.366582 0.607361 0.565115 0.656959 0.633426 0.391570 0.434014 0.338766
1 0.398630 0.510394 0.592709 0.520766 0.594873 0.478110 0.403776 0.465730
