2 0.583741 0.461240 0.594000 0.461240 0.594000 0.439844 0.583741 0.439844
2 0.598322 0.459462 0.608536 0.458184 0.607036 0.436882 0.596822 0.438160
6 0.611849 0.457769 0.622063 0.456491 0.620563 0.435189 0.610349 0.436467
4 0.623950 0.456255 0.634164 0.454977 0.632665 0.433674 0.622451 0.434952
11 0.636174 0.454725 0.646388 0.453447 0.644889 0.432144 0.634674 0.433423
7 0.647631 0.453291 0.657846 0.452013 0.656346 0.430711 0.646132 0.431989
2 0.661249 0.451587 0.671463 0.450309 0.669963 0.429006 0.659749 0.430285
11 0.675786 0.449768 0.686000 0.448489 0.684501 0.427187 0.674287 0.428465
1 0.581110 0.470360 0.693965 0.454225 0.692913 0.417045 0.577690 0.430023
0 0.536814 0.635039 0.754602 0.635039 0.754602 0.308938 0.536814 0.308938
