12 0.407927 0.301694 0.434257 0.301694 0.434257 0.267136 0.407927 0.267136
2 0.448884 0.304780 0.466254 0.304780 0.466254 0.273238 0.448884 0.273238
5 0.480882 0.304094 0.500081 0.304094 0.500081 0.275982 0.480882 0.275982
7 0.514707 0.304779 0.533906 0.304779 0.533906 0.277353 0.514707 0.277353
6 0.550363 0.306836 0.568647 0.306836 0.568647 0.275981 0.550363 0.275981
12 0.647270 0.313007 0.679268 0.313007 0.679268 0.278038 0.647270 0.278038
5 0.608874 0.308912 0.639042 0.308912 0.639042 0.277353 0.608874 0.277353
3 0.575459 0.305879 0.600596 0.305879 0.600596 0.277748 0.575459 0.277748
1 0.395933 0.316617 0.692482 0.316617 0.692482 0.254387 0.395933 0.254387
0 0.103344 0.561809 0.886651 0.561809 0.886651 0.067141 0.103344 0.067141
