2 0.380130 0.508833 0.396413 0.508833 0.396413 0.465163 0.380130 0.465163
2 0.402576 0.507539 0.418854 0.506596 0.418342 0.462941 0.402064 0.463884
9 0.425981 0.506183 0.442259 0.505240 0.441747 0.461584 0.425469 0.462528
11 0.446158 0.505014 0.462436 0.504070 0.461923 0.460415 0.445646 0.461358
8 0.467973 0.503749 0.484250 0.502806 0.483738 0.459151 0.467460 0.460094
10 0.489652 0.502493 0.505929 0.501549 0.505417 0.457894 0.489139 0.458838
2 0.510510 0.501284 0.526788 0.500341 0.526275 0.456685 0.509998 0.457629
12 0.532871 0.499988 0.549148 0.499045 0.548636 0.455389 0.532358 0.456333
0 0.185938 1.000000 0.680580 1.000000 0.680580 0.088852 0.185938 0.088852
1 0.370032 0.513089 0.559346 0.501769 0.558741 0.451805 0.369427 0.463124
